2.236068
1 2 3 4 6 12 13 14 15 20 22
5 7 8 9 10 11 16 17 18 19 21
1 2 3 5 6 12 13 14 15 20 22
4 7 8 9 10 11 16 17 18 19 21
1 2 3 6 7 12 13 14 15 20 22
4 5 8 9 10 11 16 17 18 19 21
1 2 3 6 12 13 14 15 16 20 22
4 5 7 8 9 10 11 17 18 19 21
1 2 4 5 6 7 13 14 15 16 22
3 8 9 10 11 12 17 18 19 20 21
1 4 6 8 9 10 11 17 18 19 21
2 3 5 7 12 13 14 15 16 20 22
1 5 6 8 9 10 11 17 18 19 21
2 3 4 7 12 13 14 15 16 20 22
1 6 7 8 9 10 11 17 18 19 21
2 3 4 5 12 13 14 15 16 20 22
1 6 8 9 10 11 16 17 18 19 21
2 3 4 5 7 12 13 14 15 20 22
