2.000000
1 2 3 4 6 7 9
5 8 10 11 12 13 14
1 2 3 4 7 8 9
5 6 10 11 12 13 14
1 2 3 4 7 9 13
5 6 8 10 11 12 14
1 2 3 4 7 9 14
5 6 8 10 11 12 13
1 2 3 6 7 8 9
4 5 10 11 12 13 14
1 2 3 6 7 9 13
4 5 8 10 11 12 14
1 2 3 6 7 9 14
4 5 8 10 11 12 13
1 2 3 7 8 9 13
4 5 6 10 11 12 14
1 2 3 7 8 9 14
4 5 6 10 11 12 13
1 2 3 7 9 13 14
4 5 6 8 10 11 12
1 2 4 6 7 8 9
3 5 10 11 12 13 14
1 2 4 6 7 9 13
3 5 8 10 11 12 14
1 2 4 6 7 9 14
3 5 8 10 11 12 13
1 2 4 7 8 9 13
3 5 6 10 11 12 14
1 2 4 7 8 9 14
3 5 6 10 11 12 13
1 2 4 7 9 13 14
3 5 6 8 10 11 12
1 2 6 7 8 9 13
3 4 5 10 11 12 14
1 2 6 7 8 9 14
3 4 5 10 11 12 13
1 2 6 7 9 13 14
3 4 5 8 10 11 12
1 2 7 8 9 13 14
3 4 5 6 10 11 12
1 3 4 6 7 8 9
2 5 10 11 12 13 14
1 3 4 6 7 9 13
2 5 8 10 11 12 14
1 3 4 6 7 9 14
2 5 8 10 11 12 13
1 3 4 7 8 9 13
2 5 6 10 11 12 14
1 3 4 7 8 9 14
2 5 6 10 11 12 13
1 3 4 7 9 13 14
2 5 6 8 10 11 12
1 3 6 7 8 9 13
2 4 5 10 11 12 14
1 3 6 7 8 9 14
2 4 5 10 11 12 13
1 3 6 7 9 13 14
2 4 5 8 10 11 12
1 3 7 8 9 13 14
2 4 5 6 10 11 12
1 4 6 7 8 9 13
2 3 5 10 11 12 14
1 4 6 7 8 9 14
2 3 5 10 11 12 13
1 4 6 7 9 13 14
2 3 5 8 10 11 12
1 4 7 8 9 13 14
2 3 5 6 10 11 12
1 5 7 9 10 11 12
2 3 4 6 8 13 14
1 6 7 8 9 13 14
2 3 4 5 10 11 12
