1.414214
1 2 3 4 5 7
6 8 9 10 11 12
1 2 3 4 5 8
6 7 9 10 11 12
1 2 3 4 5 9
6 7 8 10 11 12
1 2 3 4 5 10
6 7 8 9 11 12
1 2 3 4 5 11
6 7 8 9 10 12
1 2 4 5 6 12
3 7 8 9 10 11
1 2 4 5 7 8
3 6 9 10 11 12
1 2 4 5 7 9
3 6 8 10 11 12
1 2 4 5 7 10
3 6 8 9 11 12
1 2 4 5 7 11
3 6 8 9 10 12
1 2 4 5 8 9
3 6 7 10 11 12
1 2 4 5 8 10
3 6 7 9 11 12
1 2 4 5 8 11
3 6 7 9 10 12
1 2 4 5 9 10
3 6 7 8 11 12
1 2 4 5 9 11
3 6 7 8 10 12
1 2 4 5 10 11
3 6 7 8 9 12
1 3 4 5 6 12
2 7 8 9 10 11
1 3 4 5 7 8
2 6 9 10 11 12
1 3 4 5 7 9
2 6 8 10 11 12
1 3 4 5 7 10
2 6 8 9 11 12
1 3 4 5 7 11
2 6 8 9 10 12
1 3 4 5 8 9
2 6 7 10 11 12
1 3 4 5 8 10
2 6 7 9 11 12
1 3 4 5 8 11
2 6 7 9 10 12
1 3 4 5 9 10
2 6 7 8 11 12
1 3 4 5 9 11
2 6 7 8 10 12
1 3 4 5 10 11
2 6 7 8 9 12
1 4 5 6 7 12
2 3 8 9 10 11
1 4 5 6 8 12
2 3 7 9 10 11
1 4 5 6 9 12
2 3 7 8 10 11
1 4 5 6 10 12
2 3 7 8 9 11
1 4 5 6 11 12
2 3 7 8 9 10
1 4 5 7 8 9
2 3 6 10 11 12
1 4 5 7 8 10
2 3 6 9 11 12
1 4 5 7 8 11
2 3 6 9 10 12
1 4 5 7 9 10
2 3 6 8 11 12
1 4 5 7 9 11
2 3 6 8 10 12
1 4 5 7 10 11
2 3 6 8 9 12
1 4 5 8 9 10
2 3 6 7 11 12
1 4 5 8 9 11
2 3 6 7 10 12
1 4 5 8 10 11
2 3 6 7 9 12
1 4 5 9 10 11
2 3 6 7 8 12
