2.236068
1 2 3 5 9 10 12 17 19 20
4 6 7 8 11 13 14 15 16 18
1 2 3 7 8 9 10 12 17 20
4 5 6 11 13 14 15 16 18 19
1 2 3 7 9 10 11 12 17 20
4 5 6 8 13 14 15 16 18 19
1 2 3 7 9 10 12 15 17 20
4 5 6 8 11 13 14 16 18 19
1 2 3 7 9 10 12 17 18 20
4 5 6 8 11 13 14 15 16 19
1 2 3 8 9 10 11 12 17 20
4 5 6 7 13 14 15 16 18 19
1 2 3 8 9 10 12 15 17 20
4 5 6 7 11 13 14 16 18 19
1 2 3 8 9 10 12 17 18 20
4 5 6 7 11 13 14 15 16 19
1 2 3 9 10 11 12 15 17 20
4 5 6 7 8 13 14 16 18 19
1 2 3 9 10 11 12 17 18 20
4 5 6 7 8 13 14 15 16 19
1 2 3 9 10 12 15 17 18 20
4 5 6 7 8 11 13 14 16 19
1 2 4 6 9 10 13 14 16 20
3 5 7 8 11 12 15 17 18 19
1 2 5 7 8 9 10 11 19 20
3 4 6 12 13 14 15 16 17 18
1 2 5 7 8 9 10 15 19 20
3 4 6 11 12 13 14 16 17 18
1 2 5 7 8 9 10 18 19 20
3 4 6 11 12 13 14 15 16 17
1 2 5 7 9 10 11 15 19 20
3 4 6 8 12 13 14 16 17 18
1 2 5 7 9 10 11 18 19 20
3 4 6 8 12 13 14 15 16 17
1 2 5 7 9 10 15 18 19 20
3 4 6 8 11 12 13 14 16 17
1 2 5 8 9 10 11 15 19 20
3 4 6 7 12 13 14 16 17 18
1 2 5 8 9 10 11 18 19 20
3 4 6 7 12 13 14 15 16 17
1 2 5 8 9 10 15 18 19 20
3 4 6 7 11 12 13 14 16 17
1 2 5 9 10 11 15 18 19 20
3 4 6 7 8 12 13 14 16 17
1 2 7 8 9 10 11 15 18 20
3 4 5 6 12 13 14 16 17 19
