2.000000
1 2 3 4 5 6 7 12
8 9 10 11 13 14 15 16
1 2 3 4 5 6 8 12
7 9 10 11 13 14 15 16
1 2 3 4 5 6 9 12
7 8 10 11 13 14 15 16
1 2 3 4 5 6 10 12
7 8 9 11 13 14 15 16
1 2 3 4 5 6 11 12
7 8 9 10 13 14 15 16
1 2 3 4 5 6 12 13
7 8 9 10 11 14 15 16
1 2 3 4 5 6 12 14
7 8 9 10 11 13 15 16
1 2 3 4 5 6 12 15
7 8 9 10 11 13 14 16
1 2 3 4 5 6 12 16
7 8 9 10 11 13 14 15
1 2 3 5 6 7 8 12
4 9 10 11 13 14 15 16
1 2 3 5 6 7 9 12
4 8 10 11 13 14 15 16
1 2 3 5 6 7 10 12
4 8 9 11 13 14 15 16
1 2 3 5 6 7 11 12
4 8 9 10 13 14 15 16
1 2 3 5 6 7 12 13
4 8 9 10 11 14 15 16
1 2 3 5 6 7 12 14
4 8 9 10 11 13 15 16
1 2 3 5 6 7 12 15
4 8 9 10 11 13 14 16
1 2 3 5 6 7 12 16
4 8 9 10 11 13 14 15
1 2 3 5 6 8 9 12
4 7 10 11 13 14 15 16
1 2 3 5 6 8 10 12
4 7 9 11 13 14 15 16
1 2 3 5 6 8 11 12
4 7 9 10 13 14 15 16
1 2 3 5 6 8 12 13
4 7 9 10 11 14 15 16
1 2 3 5 6 8 12 14
4 7 9 10 11 13 15 16
1 2 3 5 6 8 12 15
4 7 9 10 11 13 14 16
1 2 3 5 6 8 12 16
4 7 9 10 11 13 14 15
1 2 3 5 6 9 10 12
4 7 8 11 13 14 15 16
1 2 3 5 6 9 11 12
4 7 8 10 13 14 15 16
1 2 3 5 6 9 12 13
4 7 8 10 11 14 15 16
1 2 3 5 6 9 12 14
4 7 8 10 11 13 15 16
1 2 3 5 6 9 12 15
4 7 8 10 11 13 14 16
1 2 3 5 6 9 12 16
4 7 8 10 11 13 14 15
1 2 3 5 6 10 11 12
4 7 8 9 13 14 15 16
1 2 3 5 6 10 12 13
4 7 8 9 11 14 15 16
1 2 3 5 6 10 12 14
4 7 8 9 11 13 15 16
1 2 3 5 6 10 12 15
4 7 8 9 11 13 14 16
1 2 3 5 6 10 12 16
4 7 8 9 11 13 14 15
1 2 3 5 6 11 12 13
4 7 8 9 10 14 15 16
1 2 3 5 6 11 12 14
4 7 8 9 10 13 15 16
1 2 3 5 6 11 12 15
4 7 8 9 10 13 14 16
1 2 3 5 6 11 12 16
4 7 8 9 10 13 14 15
1 2 3 5 6 12 13 14
4 7 8 9 10 11 15 16
1 2 3 5 6 12 13 15
4 7 8 9 10 11 14 16
1 2 3 5 6 12 13 16
4 7 8 9 10 11 14 15
1 2 3 5 6 12 14 15
4 7 8 9 10 11 13 16
1 2 3 5 6 12 14 16
4 7 8 9 10 11 13 15
1 2 3 5 6 12 15 16
4 7 8 9 10 11 13 14
1 4 7 8 9 10 11 12
2 3 5 6 13 14 15 16
1 4 7 8 9 10 12 13
2 3 5 6 11 14 15 16
1 4 7 8 9 10 12 14
2 3 5 6 11 13 15 16
1 4 7 8 9 10 12 15
2 3 5 6 11 13 14 16
1 4 7 8 9 10 12 16
2 3 5 6 11 13 14 15
1 4 7 8 9 11 12 13
2 3 5 6 10 14 15 16
1 4 7 8 9 11 12 14
2 3 5 6 10 13 15 16
1 4 7 8 9 11 12 15
2 3 5 6 10 13 14 16
1 4 7 8 9 11 12 16
2 3 5 6 10 13 14 15
1 4 7 8 9 12 13 14
2 3 5 6 10 11 15 16
1 4 7 8 9 12 13 15
2 3 5 6 10 11 14 16
1 4 7 8 9 12 13 16
2 3 5 6 10 11 14 15
1 4 7 8 9 12 14 15
2 3 5 6 10 11 13 16
1 4 7 8 9 12 14 16
2 3 5 6 10 11 13 15
1 4 7 8 9 12 15 16
2 3 5 6 10 11 13 14
1 4 7 8 10 11 12 13
2 3 5 6 9 14 15 16
1 4 7 8 10 11 12 14
2 3 5 6 9 13 15 16
1 4 7 8 10 11 12 15
2 3 5 6 9 13 14 16
1 4 7 8 10 11 12 16
2 3 5 6 9 13 14 15
1 4 7 8 10 12 13 14
2 3 5 6 9 11 15 16
1 4 7 8 10 12 13 15
2 3 5 6 9 11 14 16
1 4 7 8 10 12 13 16
2 3 5 6 9 11 14 15
1 4 7 8 10 12 14 15
2 3 5 6 9 11 13 16
1 4 7 8 10 12 14 16
2 3 5 6 9 11 13 15
1 4 7 8 10 12 15 16
2 3 5 6 9 11 13 14
1 4 7 8 11 12 13 14
2 3 5 6 9 10 15 16
1 4 7 8 11 12 13 15
2 3 5 6 9 10 14 16
1 4 7 8 11 12 13 16
2 3 5 6 9 10 14 15
1 4 7 8 11 12 14 15
2 3 5 6 9 10 13 16
1 4 7 8 11 12 14 16
2 3 5 6 9 10 13 15
1 4 7 8 11 12 15 16
2 3 5 6 9 10 13 14
1 4 7 8 12 13 14 15
2 3 5 6 9 10 11 16
1 4 7 8 12 13 14 16
2 3 5 6 9 10 11 15
1 4 7 8 12 13 15 16
2 3 5 6 9 10 11 14
1 4 7 8 12 14 15 16
2 3 5 6 9 10 11 13
1 4 7 9 10 11 12 13
2 3 5 6 8 14 15 16
1 4 7 9 10 11 12 14
2 3 5 6 8 13 15 16
1 4 7 9 10 11 12 15
2 3 5 6 8 13 14 16
1 4 7 9 10 11 12 16
2 3 5 6 8 13 14 15
1 4 7 9 10 12 13 14
2 3 5 6 8 11 15 16
1 4 7 9 10 12 13 15
2 3 5 6 8 11 14 16
1 4 7 9 10 12 13 16
2 3 5 6 8 11 14 15
1 4 7 9 10 12 14 15
2 3 5 6 8 11 13 16
1 4 7 9 10 12 14 16
2 3 5 6 8 11 13 15
1 4 7 9 10 12 15 16
2 3 5 6 8 11 13 14
1 4 7 9 11 12 13 14
2 3 5 6 8 10 15 16
1 4 7 9 11 12 13 15
2 3 5 6 8 10 14 16
1 4 7 9 11 12 13 16
2 3 5 6 8 10 14 15
1 4 7 9 11 12 14 15
2 3 5 6 8 10 13 16
1 4 7 9 11 12 14 16
2 3 5 6 8 10 13 15
1 4 7 9 11 12 15 16
2 3 5 6 8 10 13 14
1 4 7 9 12 13 14 15
2 3 5 6 8 10 11 16
1 4 7 9 12 13 14 16
2 3 5 6 8 10 11 15
1 4 7 9 12 13 15 16
2 3 5 6 8 10 11 14
1 4 7 9 12 14 15 16
2 3 5 6 8 10 11 13
1 4 7 10 11 12 13 14
2 3 5 6 8 9 15 16
1 4 7 10 11 12 13 15
2 3 5 6 8 9 14 16
1 4 7 10 11 12 13 16
2 3 5 6 8 9 14 15
1 4 7 10 11 12 14 15
2 3 5 6 8 9 13 16
1 4 7 10 11 12 14 16
2 3 5 6 8 9 13 15
1 4 7 10 11 12 15 16
2 3 5 6 8 9 13 14
1 4 7 10 12 13 14 15
2 3 5 6 8 9 11 16
1 4 7 10 12 13 14 16
2 3 5 6 8 9 11 15
1 4 7 10 12 13 15 16
2 3 5 6 8 9 11 14
1 4 7 10 12 14 15 16
2 3 5 6 8 9 11 13
1 4 7 11 12 13 14 15
2 3 5 6 8 9 10 16
1 4 7 11 12 13 14 16
2 3 5 6 8 9 10 15
1 4 7 11 12 13 15 16
2 3 5 6 8 9 10 14
1 4 7 11 12 14 15 16
2 3 5 6 8 9 10 13
1 4 7 12 13 14 15 16
2 3 5 6 8 9 10 11
1 4 8 9 10 11 12 13
2 3 5 6 7 14 15 16
1 4 8 9 10 11 12 14
2 3 5 6 7 13 15 16
1 4 8 9 10 11 12 15
2 3 5 6 7 13 14 16
1 4 8 9 10 11 12 16
2 3 5 6 7 13 14 15
1 4 8 9 10 12 13 14
2 3 5 6 7 11 15 16
1 4 8 9 10 12 13 15
2 3 5 6 7 11 14 16
1 4 8 9 10 12 13 16
2 3 5 6 7 11 14 15
1 4 8 9 10 12 14 15
2 3 5 6 7 11 13 16
1 4 8 9 10 12 14 16
2 3 5 6 7 11 13 15
1 4 8 9 10 12 15 16
2 3 5 6 7 11 13 14
1 4 8 9 11 12 13 14
2 3 5 6 7 10 15 16
1 4 8 9 11 12 13 15
2 3 5 6 7 10 14 16
1 4 8 9 11 12 13 16
2 3 5 6 7 10 14 15
1 4 8 9 11 12 14 15
2 3 5 6 7 10 13 16
1 4 8 9 11 12 14 16
2 3 5 6 7 10 13 15
1 4 8 9 11 12 15 16
2 3 5 6 7 10 13 14
1 4 8 9 12 13 14 15
2 3 5 6 7 10 11 16
1 4 8 9 12 13 14 16
2 3 5 6 7 10 11 15
1 4 8 9 12 13 15 16
2 3 5 6 7 10 11 14
1 4 8 9 12 14 15 16
2 3 5 6 7 10 11 13
1 4 8 10 11 12 13 14
2 3 5 6 7 9 15 16
1 4 8 10 11 12 13 15
2 3 5 6 7 9 14 16
1 4 8 10 11 12 13 16
2 3 5 6 7 9 14 15
1 4 8 10 11 12 14 15
2 3 5 6 7 9 13 16
1 4 8 10 11 12 14 16
2 3 5 6 7 9 13 15
1 4 8 10 11 12 15 16
2 3 5 6 7 9 13 14
1 4 8 10 12 13 14 15
2 3 5 6 7 9 11 16
1 4 8 10 12 13 14 16
2 3 5 6 7 9 11 15
1 4 8 10 12 13 15 16
2 3 5 6 7 9 11 14
1 4 8 10 12 14 15 16
2 3 5 6 7 9 11 13
1 4 8 11 12 13 14 15
2 3 5 6 7 9 10 16
1 4 8 11 12 13 14 16
2 3 5 6 7 9 10 15
1 4 8 11 12 13 15 16
2 3 5 6 7 9 10 14
1 4 8 11 12 14 15 16
2 3 5 6 7 9 10 13
1 4 8 12 13 14 15 16
2 3 5 6 7 9 10 11
1 4 9 10 11 12 13 14
2 3 5 6 7 8 15 16
1 4 9 10 11 12 13 15
2 3 5 6 7 8 14 16
1 4 9 10 11 12 13 16
2 3 5 6 7 8 14 15
1 4 9 10 11 12 14 15
2 3 5 6 7 8 13 16
1 4 9 10 11 12 14 16
2 3 5 6 7 8 13 15
1 4 9 10 11 12 15 16
2 3 5 6 7 8 13 14
1 4 9 10 12 13 14 15
2 3 5 6 7 8 11 16
1 4 9 10 12 13 14 16
2 3 5 6 7 8 11 15
1 4 9 10 12 13 15 16
2 3 5 6 7 8 11 14
1 4 9 10 12 14 15 16
2 3 5 6 7 8 11 13
1 4 9 11 12 13 14 15
2 3 5 6 7 8 10 16
1 4 9 11 12 13 14 16
2 3 5 6 7 8 10 15
1 4 9 11 12 13 15 16
2 3 5 6 7 8 10 14
1 4 9 11 12 14 15 16
2 3 5 6 7 8 10 13
1 4 9 12 13 14 15 16
2 3 5 6 7 8 10 11
1 4 10 11 12 13 14 15
2 3 5 6 7 8 9 16
1 4 10 11 12 13 14 16
2 3 5 6 7 8 9 15
1 4 10 11 12 13 15 16
2 3 5 6 7 8 9 14
1 4 10 11 12 14 15 16
2 3 5 6 7 8 9 13
1 4 10 12 13 14 15 16
2 3 5 6 7 8 9 11
1 4 11 12 13 14 15 16
2 3 5 6 7 8 9 10
1 7 8 9 10 11 12 13
2 3 4 5 6 14 15 16
1 7 8 9 10 11 12 14
2 3 4 5 6 13 15 16
1 7 8 9 10 11 12 15
2 3 4 5 6 13 14 16
1 7 8 9 10 11 12 16
2 3 4 5 6 13 14 15
1 7 8 9 10 12 13 14
2 3 4 5 6 11 15 16
1 7 8 9 10 12 13 15
2 3 4 5 6 11 14 16
1 7 8 9 10 12 13 16
2 3 4 5 6 11 14 15
1 7 8 9 10 12 14 15
2 3 4 5 6 11 13 16
1 7 8 9 10 12 14 16
2 3 4 5 6 11 13 15
1 7 8 9 10 12 15 16
2 3 4 5 6 11 13 14
1 7 8 9 11 12 13 14
2 3 4 5 6 10 15 16
1 7 8 9 11 12 13 15
2 3 4 5 6 10 14 16
1 7 8 9 11 12 13 16
2 3 4 5 6 10 14 15
1 7 8 9 11 12 14 15
2 3 4 5 6 10 13 16
1 7 8 9 11 12 14 16
2 3 4 5 6 10 13 15
1 7 8 9 11 12 15 16
2 3 4 5 6 10 13 14
1 7 8 9 12 13 14 15
2 3 4 5 6 10 11 16
1 7 8 9 12 13 14 16
2 3 4 5 6 10 11 15
1 7 8 9 12 13 15 16
2 3 4 5 6 10 11 14
1 7 8 9 12 14 15 16
2 3 4 5 6 10 11 13
1 7 8 10 11 12 13 14
2 3 4 5 6 9 15 16
1 7 8 10 11 12 13 15
2 3 4 5 6 9 14 16
1 7 8 10 11 12 13 16
2 3 4 5 6 9 14 15
1 7 8 10 11 12 14 15
2 3 4 5 6 9 13 16
1 7 8 10 11 12 14 16
2 3 4 5 6 9 13 15
1 7 8 10 11 12 15 16
2 3 4 5 6 9 13 14
1 7 8 10 12 13 14 15
2 3 4 5 6 9 11 16
1 7 8 10 12 13 14 16
2 3 4 5 6 9 11 15
1 7 8 10 12 13 15 16
2 3 4 5 6 9 11 14
1 7 8 10 12 14 15 16
2 3 4 5 6 9 11 13
1 7 8 11 12 13 14 15
2 3 4 5 6 9 10 16
1 7 8 11 12 13 14 16
2 3 4 5 6 9 10 15
1 7 8 11 12 13 15 16
2 3 4 5 6 9 10 14
1 7 8 11 12 14 15 16
2 3 4 5 6 9 10 13
1 7 8 12 13 14 15 16
2 3 4 5 6 9 10 11
1 7 9 10 11 12 13 14
2 3 4 5 6 8 15 16
1 7 9 10 11 12 13 15
2 3 4 5 6 8 14 16
1 7 9 10 11 12 13 16
2 3 4 5 6 8 14 15
1 7 9 10 11 12 14 15
2 3 4 5 6 8 13 16
1 7 9 10 11 12 14 16
2 3 4 5 6 8 13 15
1 7 9 10 11 12 15 16
2 3 4 5 6 8 13 14
1 7 9 10 12 13 14 15
2 3 4 5 6 8 11 16
1 7 9 10 12 13 14 16
2 3 4 5 6 8 11 15
1 7 9 10 12 13 15 16
2 3 4 5 6 8 11 14
1 7 9 10 12 14 15 16
2 3 4 5 6 8 11 13
1 7 9 11 12 13 14 15
2 3 4 5 6 8 10 16
1 7 9 11 12 13 14 16
2 3 4 5 6 8 10 15
1 7 9 11 12 13 15 16
2 3 4 5 6 8 10 14
1 7 9 11 12 14 15 16
2 3 4 5 6 8 10 13
1 7 9 12 13 14 15 16
2 3 4 5 6 8 10 11
1 7 10 11 12 13 14 15
2 3 4 5 6 8 9 16
1 7 10 11 12 13 14 16
2 3 4 5 6 8 9 15
1 7 10 11 12 13 15 16
2 3 4 5 6 8 9 14
1 7 10 11 12 14 15 16
2 3 4 5 6 8 9 13
1 7 10 12 13 14 15 16
2 3 4 5 6 8 9 11
1 7 11 12 13 14 15 16
2 3 4 5 6 8 9 10
1 8 9 10 11 12 13 14
2 3 4 5 6 7 15 16
1 8 9 10 11 12 13 15
2 3 4 5 6 7 14 16
1 8 9 10 11 12 13 16
2 3 4 5 6 7 14 15
1 8 9 10 11 12 14 15
2 3 4 5 6 7 13 16
1 8 9 10 11 12 14 16
2 3 4 5 6 7 13 15
1 8 9 10 11 12 15 16
2 3 4 5 6 7 13 14
1 8 9 10 12 13 14 15
2 3 4 5 6 7 11 16
1 8 9 10 12 13 14 16
2 3 4 5 6 7 11 15
1 8 9 10 12 13 15 16
2 3 4 5 6 7 11 14
1 8 9 10 12 14 15 16
2 3 4 5 6 7 11 13
1 8 9 11 12 13 14 15
2 3 4 5 6 7 10 16
1 8 9 11 12 13 14 16
2 3 4 5 6 7 10 15
1 8 9 11 12 13 15 16
2 3 4 5 6 7 10 14
1 8 9 11 12 14 15 16
2 3 4 5 6 7 10 13
1 8 9 12 13 14 15 16
2 3 4 5 6 7 10 11
1 8 10 11 12 13 14 15
2 3 4 5 6 7 9 16
1 8 10 11 12 13 14 16
2 3 4 5 6 7 9 15
1 8 10 11 12 13 15 16
2 3 4 5 6 7 9 14
1 8 10 11 12 14 15 16
2 3 4 5 6 7 9 13
1 8 10 12 13 14 15 16
2 3 4 5 6 7 9 11
1 8 11 12 13 14 15 16
2 3 4 5 6 7 9 10
1 9 10 11 12 13 14 15
2 3 4 5 6 7 8 16
1 9 10 11 12 13 14 16
2 3 4 5 6 7 8 15
1 9 10 11 12 13 15 16
2 3 4 5 6 7 8 14
1 9 10 11 12 14 15 16
2 3 4 5 6 7 8 13
1 9 10 12 13 14 15 16
2 3 4 5 6 7 8 11
1 9 11 12 13 14 15 16
2 3 4 5 6 7 8 10
1 10 11 12 13 14 15 16
2 3 4 5 6 7 8 9
