1.414214
1 2 3 4 6 8 9
5 7 10 11 12 13 14
1 2 3 4 6 8 10
5 7 9 11 12 13 14
1 2 3 4 6 8 14
5 7 9 10 11 12 13
1 2 3 4 6 9 10
5 7 8 11 12 13 14
1 2 3 4 6 9 14
5 7 8 10 11 12 13
1 2 3 4 6 10 14
5 7 8 9 11 12 13
1 2 3 4 8 9 10
5 6 7 11 12 13 14
1 2 3 4 8 9 14
5 6 7 10 11 12 13
1 2 3 4 8 10 14
5 6 7 9 11 12 13
1 2 3 4 9 10 14
5 6 7 8 11 12 13
1 2 3 6 8 9 10
4 5 7 11 12 13 14
1 2 3 6 8 9 14
4 5 7 10 11 12 13
1 2 3 6 8 10 14
4 5 7 9 11 12 13
1 2 3 6 9 10 14
4 5 7 8 11 12 13
1 2 3 8 9 10 14
4 5 6 7 11 12 13
1 2 4 6 8 9 10
3 5 7 11 12 13 14
1 2 4 6 8 9 14
3 5 7 10 11 12 13
1 2 4 6 8 10 14
3 5 7 9 11 12 13
1 2 4 6 9 10 14
3 5 7 8 11 12 13
1 2 4 8 9 10 14
3 5 6 7 11 12 13
1 2 5 7 11 12 13
3 4 6 8 9 10 14
1 2 6 8 9 10 14
3 4 5 7 11 12 13
1 3 4 6 8 9 10
2 5 7 11 12 13 14
1 3 4 6 8 9 14
2 5 7 10 11 12 13
1 3 4 6 8 10 14
2 5 7 9 11 12 13
1 3 4 6 9 10 14
2 5 7 8 11 12 13
1 3 4 8 9 10 14
2 5 6 7 11 12 13
1 3 5 7 11 12 13
2 4 6 8 9 10 14
1 3 6 8 9 10 14
2 4 5 7 11 12 13
1 4 5 7 11 12 13
2 3 6 8 9 10 14
1 4 6 8 9 10 14
2 3 5 7 11 12 13
1 5 6 7 11 12 13
2 3 4 8 9 10 14
1 5 7 8 11 12 13
2 3 4 6 9 10 14
1 5 7 9 11 12 13
2 3 4 6 8 10 14
1 5 7 10 11 12 13
2 3 4 6 8 9 14
1 5 7 11 12 13 14
2 3 4 6 8 9 10
