2.000000
1 2 3 9 10 12
4 5 6 7 8 11
1 2 4 9 10 12
3 5 6 7 8 11
1 2 5 9 10 12
3 4 6 7 8 11
1 2 6 9 10 12
3 4 5 7 8 11
1 2 7 9 10 12
3 4 5 6 8 11
1 2 8 9 10 12
3 4 5 6 7 11
1 2 9 10 11 12
3 4 5 6 7 8
1 3 4 5 6 7
2 8 9 10 11 12
1 3 4 5 6 8
2 7 9 10 11 12
1 3 4 5 6 11
2 7 8 9 10 12
1 3 4 5 7 8
2 6 9 10 11 12
1 3 4 5 7 11
2 6 8 9 10 12
1 3 4 5 8 11
2 6 7 9 10 12
1 3 4 6 7 8
2 5 9 10 11 12
1 3 4 6 7 11
2 5 8 9 10 12
1 3 4 6 8 11
2 5 7 9 10 12
1 3 4 7 8 11
2 5 6 9 10 12
1 3 5 6 7 8
2 4 9 10 11 12
1 3 5 6 7 11
2 4 8 9 10 12
1 3 5 6 8 11
2 4 7 9 10 12
1 3 5 7 8 11
2 4 6 9 10 12
1 3 6 7 8 11
2 4 5 9 10 12
1 4 5 6 7 8
2 3 9 10 11 12
1 4 5 6 7 11
2 3 8 9 10 12
1 4 5 6 8 11
2 3 7 9 10 12
1 4 5 7 8 11
2 3 6 9 10 12
1 4 6 7 8 11
2 3 5 9 10 12
1 5 6 7 8 11
2 3 4 9 10 12
