2.000000
1 2 3 5 6 8 9 10 12
4 7 11 13 14 15 16 17 18
1 2 3 5 8 9 10 11 12
4 6 7 13 14 15 16 17 18
1 2 3 5 8 9 10 12 13
4 6 7 11 14 15 16 17 18
1 2 3 5 8 9 10 12 14
4 6 7 11 13 15 16 17 18
1 2 3 5 8 9 10 12 15
4 6 7 11 13 14 16 17 18
1 2 3 6 8 9 11 12 13
4 5 7 10 14 15 16 17 18
1 2 3 6 8 9 11 12 14
4 5 7 10 13 15 16 17 18
1 2 3 6 8 9 11 12 15
4 5 7 10 13 14 16 17 18
1 2 3 6 8 9 12 13 14
4 5 7 10 11 15 16 17 18
1 2 3 6 8 9 12 13 15
4 5 7 10 11 14 16 17 18
1 2 3 6 8 9 12 14 15
4 5 7 10 11 13 16 17 18
1 2 3 8 9 11 12 13 14
4 5 6 7 10 15 16 17 18
1 2 3 8 9 11 12 13 15
4 5 6 7 10 14 16 17 18
1 2 3 8 9 11 12 14 15
4 5 6 7 10 13 16 17 18
1 2 3 8 9 12 13 14 15
4 5 6 7 10 11 16 17 18
1 2 4 7 8 9 16 17 18
3 5 6 10 11 12 13 14 15
1 2 5 6 8 9 10 11 13
3 4 7 12 14 15 16 17 18
1 2 5 6 8 9 10 11 14
3 4 7 12 13 15 16 17 18
1 2 5 6 8 9 10 11 15
3 4 7 12 13 14 16 17 18
1 2 5 6 8 9 10 13 14
3 4 7 11 12 15 16 17 18
1 2 5 6 8 9 10 13 15
3 4 7 11 12 14 16 17 18
1 2 5 6 8 9 10 14 15
3 4 7 11 12 13 16 17 18
1 2 5 8 9 10 11 13 14
3 4 6 7 12 15 16 17 18
1 2 5 8 9 10 11 13 15
3 4 6 7 12 14 16 17 18
1 2 5 8 9 10 11 14 15
3 4 6 7 12 13 16 17 18
1 2 5 8 9 10 13 14 15
3 4 6 7 11 12 16 17 18
1 2 6 8 9 11 13 14 15
3 4 5 7 10 12 16 17 18
1 3 4 6 7 12 16 17 18
2 5 8 9 10 11 13 14 15
1 3 4 7 11 12 16 17 18
2 5 6 8 9 10 13 14 15
1 3 4 7 12 13 16 17 18
2 5 6 8 9 10 11 14 15
1 3 4 7 12 14 16 17 18
2 5 6 8 9 10 11 13 15
1 3 4 7 12 15 16 17 18
2 5 6 8 9 10 11 13 14
1 3 5 6 10 11 12 13 14
2 4 7 8 9 15 16 17 18
1 3 5 6 10 11 12 13 15
2 4 7 8 9 14 16 17 18
1 3 5 6 10 11 12 14 15
2 4 7 8 9 13 16 17 18
1 3 5 6 10 12 13 14 15
2 4 7 8 9 11 16 17 18
1 3 5 10 11 12 13 14 15
2 4 6 7 8 9 16 17 18
1 4 5 6 7 10 16 17 18
2 3 8 9 11 12 13 14 15
1 4 5 7 10 11 16 17 18
2 3 6 8 9 12 13 14 15
1 4 5 7 10 13 16 17 18
2 3 6 8 9 11 12 14 15
1 4 5 7 10 14 16 17 18
2 3 6 8 9 11 12 13 15
1 4 5 7 10 15 16 17 18
2 3 6 8 9 11 12 13 14
1 4 6 7 11 13 16 17 18
2 3 5 8 9 10 12 14 15
1 4 6 7 11 14 16 17 18
2 3 5 8 9 10 12 13 15
1 4 6 7 11 15 16 17 18
2 3 5 8 9 10 12 13 14
1 4 6 7 13 14 16 17 18
2 3 5 8 9 10 11 12 15
1 4 6 7 13 15 16 17 18
2 3 5 8 9 10 11 12 14
1 4 6 7 14 15 16 17 18
2 3 5 8 9 10 11 12 13
1 4 7 11 13 14 16 17 18
2 3 5 6 8 9 10 12 15
1 4 7 11 13 15 16 17 18
2 3 5 6 8 9 10 12 14
1 4 7 11 14 15 16 17 18
2 3 5 6 8 9 10 12 13
1 4 7 13 14 15 16 17 18
2 3 5 6 8 9 10 11 12
