2.000000
1 2 3 4 5 7 8 10 13 17 18
6 9 11 12 14 15 16 19 20 21 22
1 2 3 4 5 7 8 12 13 17 18
6 9 10 11 14 15 16 19 20 21 22
1 2 3 4 5 7 8 13 14 17 18
6 9 10 11 12 15 16 19 20 21 22
1 2 3 4 5 7 8 13 15 17 18
6 9 10 11 12 14 16 19 20 21 22
1 2 3 4 5 7 8 13 16 17 18
6 9 10 11 12 14 15 19 20 21 22
1 2 3 4 5 7 8 13 17 18 20
6 9 10 11 12 14 15 16 19 21 22
1 2 3 4 5 8 10 12 13 17 18
6 7 9 11 14 15 16 19 20 21 22
1 2 3 4 5 8 10 13 14 17 18
6 7 9 11 12 15 16 19 20 21 22
1 2 3 4 5 8 10 13 15 17 18
6 7 9 11 12 14 16 19 20 21 22
1 2 3 4 5 8 10 13 16 17 18
6 7 9 11 12 14 15 19 20 21 22
1 2 3 4 5 8 10 13 17 18 20
6 7 9 11 12 14 15 16 19 21 22
1 2 3 4 5 8 12 13 14 17 18
6 7 9 10 11 15 16 19 20 21 22
1 2 3 4 5 8 12 13 15 17 18
6 7 9 10 11 14 16 19 20 21 22
1 2 3 4 5 8 12 13 16 17 18
6 7 9 10 11 14 15 19 20 21 22
1 2 3 4 5 8 12 13 17 18 20
6 7 9 10 11 14 15 16 19 21 22
1 2 3 4 5 8 13 14 15 17 18
6 7 9 10 11 12 16 19 20 21 22
1 2 3 4 5 8 13 14 16 17 18
6 7 9 10 11 12 15 19 20 21 22
1 2 3 4 5 8 13 14 17 18 20
6 7 9 10 11 12 15 16 19 21 22
1 2 3 4 5 8 13 15 16 17 18
6 7 9 10 11 12 14 19 20 21 22
1 2 3 4 5 8 13 15 17 18 20
6 7 9 10 11 12 14 16 19 21 22
1 2 3 4 5 8 13 16 17 18 20
6 7 9 10 11 12 14 15 19 21 22
1 2 3 4 7 8 10 12 13 17 18
5 6 9 11 14 15 16 19 20 21 22
1 2 3 4 7 8 10 13 14 17 18
5 6 9 11 12 15 16 19 20 21 22
1 2 3 4 7 8 10 13 15 17 18
5 6 9 11 12 14 16 19 20 21 22
1 2 3 4 7 8 10 13 16 17 18
5 6 9 11 12 14 15 19 20 21 22
1 2 3 4 7 8 10 13 17 18 20
5 6 9 11 12 14 15 16 19 21 22
1 2 3 4 7 8 12 13 14 17 18
5 6 9 10 11 15 16 19 20 21 22
1 2 3 4 7 8 12 13 15 17 18
5 6 9 10 11 14 16 19 20 21 22
1 2 3 4 7 8 12 13 16 17 18
5 6 9 10 11 14 15 19 20 21 22
1 2 3 4 7 8 12 13 17 18 20
5 6 9 10 11 14 15 16 19 21 22
1 2 3 4 7 8 13 14 15 17 18
5 6 9 10 11 12 16 19 20 21 22
1 2 3 4 7 8 13 14 16 17 18
5 6 9 10 11 12 15 19 20 21 22
1 2 3 4 7 8 13 14 17 18 20
5 6 9 10 11 12 15 16 19 21 22
1 2 3 4 7 8 13 15 16 17 18
5 6 9 10 11 12 14 19 20 21 22
1 2 3 4 7 8 13 15 17 18 20
5 6 9 10 11 12 14 16 19 21 22
1 2 3 4 7 8 13 16 17 18 20
5 6 9 10 11 12 14 15 19 21 22
1 2 3 4 8 10 12 13 14 17 18
5 6 7 9 11 15 16 19 20 21 22
1 2 3 4 8 10 12 13 15 17 18
5 6 7 9 11 14 16 19 20 21 22
1 2 3 4 8 10 12 13 16 17 18
5 6 7 9 11 14 15 19 20 21 22
1 2 3 4 8 10 12 13 17 18 20
5 6 7 9 11 14 15 16 19 21 22
1 2 3 4 8 10 13 14 15 17 18
5 6 7 9 11 12 16 19 20 21 22
1 2 3 4 8 10 13 14 16 17 18
5 6 7 9 11 12 15 19 20 21 22
1 2 3 4 8 10 13 14 17 18 20
5 6 7 9 11 12 15 16 19 21 22
1 2 3 4 8 10 13 15 16 17 18
5 6 7 9 11 12 14 19 20 21 22
1 2 3 4 8 10 13 15 17 18 20
5 6 7 9 11 12 14 16 19 21 22
1 2 3 4 8 10 13 16 17 18 20
5 6 7 9 11 12 14 15 19 21 22
1 2 3 4 8 12 13 14 15 17 18
5 6 7 9 10 11 16 19 20 21 22
1 2 3 4 8 12 13 14 16 17 18
5 6 7 9 10 11 15 19 20 21 22
1 2 3 4 8 12 13 14 17 18 20
5 6 7 9 10 11 15 16 19 21 22
1 2 3 4 8 12 13 15 16 17 18
5 6 7 9 10 11 14 19 20 21 22
1 2 3 4 8 12 13 15 17 18 20
5 6 7 9 10 11 14 16 19 21 22
1 2 3 4 8 12 13 16 17 18 20
5 6 7 9 10 11 14 15 19 21 22
1 2 3 4 8 13 14 15 16 17 18
5 6 7 9 10 11 12 19 20 21 22
1 2 3 4 8 13 14 15 17 18 20
5 6 7 9 10 11 12 16 19 21 22
1 2 3 4 8 13 14 16 17 18 20
5 6 7 9 10 11 12 15 19 21 22
1 2 3 4 8 13 15 16 17 18 20
5 6 7 9 10 11 12 14 19 21 22
1 2 3 5 7 10 12 14 15 17 18
4 6 8 9 11 13 16 19 20 21 22
1 2 3 5 7 10 12 14 16 17 18
4 6 8 9 11 13 15 19 20 21 22
1 2 3 5 7 10 12 14 17 18 20
4 6 8 9 11 13 15 16 19 21 22
1 2 3 5 7 10 12 15 16 17 18
4 6 8 9 11 13 14 19 20 21 22
1 2 3 5 7 10 12 15 17 18 20
4 6 8 9 11 13 14 16 19 21 22
1 2 3 5 7 10 12 16 17 18 20
4 6 8 9 11 13 14 15 19 21 22
1 2 3 5 7 10 14 15 16 17 18
4 6 8 9 11 12 13 19 20 21 22
1 2 3 5 7 10 14 15 17 18 20
4 6 8 9 11 12 13 16 19 21 22
1 2 3 5 7 10 14 16 17 18 20
4 6 8 9 11 12 13 15 19 21 22
1 2 3 5 7 10 15 16 17 18 20
4 6 8 9 11 12 13 14 19 21 22
1 2 3 5 7 12 14 15 16 17 18
4 6 8 9 10 11 13 19 20 21 22
1 2 3 5 7 12 14 15 17 18 20
4 6 8 9 10 11 13 16 19 21 22
1 2 3 5 7 12 14 16 17 18 20
4 6 8 9 10 11 13 15 19 21 22
1 2 3 5 7 12 15 16 17 18 20
4 6 8 9 10 11 13 14 19 21 22
1 2 3 5 7 14 15 16 17 18 20
4 6 8 9 10 11 12 13 19 21 22
1 2 3 5 10 12 14 15 16 17 18
4 6 7 8 9 11 13 19 20 21 22
1 2 3 5 10 12 14 15 17 18 20
4 6 7 8 9 11 13 16 19 21 22
1 2 3 5 10 12 14 16 17 18 20
4 6 7 8 9 11 13 15 19 21 22
1 2 3 5 10 12 15 16 17 18 20
4 6 7 8 9 11 13 14 19 21 22
1 2 3 5 10 14 15 16 17 18 20
4 6 7 8 9 11 12 13 19 21 22
1 2 3 5 12 14 15 16 17 18 20
4 6 7 8 9 10 11 13 19 21 22
1 2 3 6 9 11 17 18 19 21 22
4 5 7 8 10 12 13 14 15 16 20
1 2 3 7 10 12 14 15 16 17 18
4 5 6 8 9 11 13 19 20 21 22
1 2 3 7 10 12 14 15 17 18 20
4 5 6 8 9 11 13 16 19 21 22
1 2 3 7 10 12 14 16 17 18 20
4 5 6 8 9 11 13 15 19 21 22
1 2 3 7 10 12 15 16 17 18 20
4 5 6 8 9 11 13 14 19 21 22
1 2 3 7 10 14 15 16 17 18 20
4 5 6 8 9 11 12 13 19 21 22
1 2 3 7 12 14 15 16 17 18 20
4 5 6 8 9 10 11 13 19 21 22
1 2 3 10 12 14 15 16 17 18 20
4 5 6 7 8 9 11 13 19 21 22
1 2 4 5 7 8 10 12 13 17 18
3 6 9 11 14 15 16 19 20 21 22
1 2 4 5 7 8 10 13 14 17 18
3 6 9 11 12 15 16 19 20 21 22
1 2 4 5 7 8 10 13 15 17 18
3 6 9 11 12 14 16 19 20 21 22
1 2 4 5 7 8 10 13 16 17 18
3 6 9 11 12 14 15 19 20 21 22
1 2 4 5 7 8 10 13 17 18 20
3 6 9 11 12 14 15 16 19 21 22
1 2 4 5 7 8 12 13 14 17 18
3 6 9 10 11 15 16 19 20 21 22
1 2 4 5 7 8 12 13 15 17 18
3 6 9 10 11 14 16 19 20 21 22
1 2 4 5 7 8 12 13 16 17 18
3 6 9 10 11 14 15 19 20 21 22
1 2 4 5 7 8 12 13 17 18 20
3 6 9 10 11 14 15 16 19 21 22
1 2 4 5 7 8 13 14 15 17 18
3 6 9 10 11 12 16 19 20 21 22
1 2 4 5 7 8 13 14 16 17 18
3 6 9 10 11 12 15 19 20 21 22
1 2 4 5 7 8 13 14 17 18 20
3 6 9 10 11 12 15 16 19 21 22
1 2 4 5 7 8 13 15 16 17 18
3 6 9 10 11 12 14 19 20 21 22
1 2 4 5 7 8 13 15 17 18 20
3 6 9 10 11 12 14 16 19 21 22
1 2 4 5 7 8 13 16 17 18 20
3 6 9 10 11 12 14 15 19 21 22
1 2 4 5 8 10 12 13 14 17 18
3 6 7 9 11 15 16 19 20 21 22
1 2 4 5 8 10 12 13 15 17 18
3 6 7 9 11 14 16 19 20 21 22
1 2 4 5 8 10 12 13 16 17 18
3 6 7 9 11 14 15 19 20 21 22
1 2 4 5 8 10 12 13 17 18 20
3 6 7 9 11 14 15 16 19 21 22
1 2 4 5 8 10 13 14 15 17 18
3 6 7 9 11 12 16 19 20 21 22
1 2 4 5 8 10 13 14 16 17 18
3 6 7 9 11 12 15 19 20 21 22
1 2 4 5 8 10 13 14 17 18 20
3 6 7 9 11 12 15 16 19 21 22
1 2 4 5 8 10 13 15 16 17 18
3 6 7 9 11 12 14 19 20 21 22
1 2 4 5 8 10 13 15 17 18 20
3 6 7 9 11 12 14 16 19 21 22
1 2 4 5 8 10 13 16 17 18 20
3 6 7 9 11 12 14 15 19 21 22
1 2 4 5 8 12 13 14 15 17 18
3 6 7 9 10 11 16 19 20 21 22
1 2 4 5 8 12 13 14 16 17 18
3 6 7 9 10 11 15 19 20 21 22
1 2 4 5 8 12 13 14 17 18 20
3 6 7 9 10 11 15 16 19 21 22
1 2 4 5 8 12 13 15 16 17 18
3 6 7 9 10 11 14 19 20 21 22
1 2 4 5 8 12 13 15 17 18 20
3 6 7 9 10 11 14 16 19 21 22
1 2 4 5 8 12 13 16 17 18 20
3 6 7 9 10 11 14 15 19 21 22
1 2 4 5 8 13 14 15 16 17 18
3 6 7 9 10 11 12 19 20 21 22
1 2 4 5 8 13 14 15 17 18 20
3 6 7 9 10 11 12 16 19 21 22
1 2 4 5 8 13 14 16 17 18 20
3 6 7 9 10 11 12 15 19 21 22
1 2 4 5 8 13 15 16 17 18 20
3 6 7 9 10 11 12 14 19 21 22
1 2 4 7 8 10 12 13 14 17 18
3 5 6 9 11 15 16 19 20 21 22
1 2 4 7 8 10 12 13 15 17 18
3 5 6 9 11 14 16 19 20 21 22
1 2 4 7 8 10 12 13 16 17 18
3 5 6 9 11 14 15 19 20 21 22
1 2 4 7 8 10 12 13 17 18 20
3 5 6 9 11 14 15 16 19 21 22
1 2 4 7 8 10 13 14 15 17 18
3 5 6 9 11 12 16 19 20 21 22
1 2 4 7 8 10 13 14 16 17 18
3 5 6 9 11 12 15 19 20 21 22
1 2 4 7 8 10 13 14 17 18 20
3 5 6 9 11 12 15 16 19 21 22
1 2 4 7 8 10 13 15 16 17 18
3 5 6 9 11 12 14 19 20 21 22
1 2 4 7 8 10 13 15 17 18 20
3 5 6 9 11 12 14 16 19 21 22
1 2 4 7 8 10 13 16 17 18 20
3 5 6 9 11 12 14 15 19 21 22
1 2 4 7 8 12 13 14 15 17 18
3 5 6 9 10 11 16 19 20 21 22
1 2 4 7 8 12 13 14 16 17 18
3 5 6 9 10 11 15 19 20 21 22
1 2 4 7 8 12 13 14 17 18 20
3 5 6 9 10 11 15 16 19 21 22
1 2 4 7 8 12 13 15 16 17 18
3 5 6 9 10 11 14 19 20 21 22
1 2 4 7 8 12 13 15 17 18 20
3 5 6 9 10 11 14 16 19 21 22
1 2 4 7 8 12 13 16 17 18 20
3 5 6 9 10 11 14 15 19 21 22
1 2 4 7 8 13 14 15 16 17 18
3 5 6 9 10 11 12 19 20 21 22
1 2 4 7 8 13 14 15 17 18 20
3 5 6 9 10 11 12 16 19 21 22
1 2 4 7 8 13 14 16 17 18 20
3 5 6 9 10 11 12 15 19 21 22
1 2 4 7 8 13 15 16 17 18 20
3 5 6 9 10 11 12 14 19 21 22
1 2 4 8 10 12 13 14 15 17 18
3 5 6 7 9 11 16 19 20 21 22
1 2 4 8 10 12 13 14 16 17 18
3 5 6 7 9 11 15 19 20 21 22
1 2 4 8 10 12 13 14 17 18 20
3 5 6 7 9 11 15 16 19 21 22
1 2 4 8 10 12 13 15 16 17 18
3 5 6 7 9 11 14 19 20 21 22
1 2 4 8 10 12 13 15 17 18 20
3 5 6 7 9 11 14 16 19 21 22
1 2 4 8 10 12 13 16 17 18 20
3 5 6 7 9 11 14 15 19 21 22
1 2 4 8 10 13 14 15 16 17 18
3 5 6 7 9 11 12 19 20 21 22
1 2 4 8 10 13 14 15 17 18 20
3 5 6 7 9 11 12 16 19 21 22
1 2 4 8 10 13 14 16 17 18 20
3 5 6 7 9 11 12 15 19 21 22
1 2 4 8 10 13 15 16 17 18 20
3 5 6 7 9 11 12 14 19 21 22
1 2 4 8 12 13 14 15 16 17 18
3 5 6 7 9 10 11 19 20 21 22
1 2 4 8 12 13 14 15 17 18 20
3 5 6 7 9 10 11 16 19 21 22
1 2 4 8 12 13 14 16 17 18 20
3 5 6 7 9 10 11 15 19 21 22
1 2 4 8 12 13 15 16 17 18 20
3 5 6 7 9 10 11 14 19 21 22
1 2 4 8 13 14 15 16 17 18 20
3 5 6 7 9 10 11 12 19 21 22
1 2 5 6 9 11 17 18 19 21 22
3 4 7 8 10 12 13 14 15 16 20
1 2 5 7 10 12 14 15 16 17 18
3 4 6 8 9 11 13 19 20 21 22
1 2 5 7 10 12 14 15 17 18 20
3 4 6 8 9 11 13 16 19 21 22
1 2 5 7 10 12 14 16 17 18 20
3 4 6 8 9 11 13 15 19 21 22
1 2 5 7 10 12 15 16 17 18 20
3 4 6 8 9 11 13 14 19 21 22
1 2 5 7 10 14 15 16 17 18 20
3 4 6 8 9 11 12 13 19 21 22
1 2 5 7 12 14 15 16 17 18 20
3 4 6 8 9 10 11 13 19 21 22
1 2 5 10 12 14 15 16 17 18 20
3 4 6 7 8 9 11 13 19 21 22
1 2 6 7 9 11 17 18 19 21 22
3 4 5 8 10 12 13 14 15 16 20
1 2 6 9 10 11 17 18 19 21 22
3 4 5 7 8 12 13 14 15 16 20
1 2 6 9 11 12 17 18 19 21 22
3 4 5 7 8 10 13 14 15 16 20
1 2 6 9 11 14 17 18 19 21 22
3 4 5 7 8 10 12 13 15 16 20
1 2 6 9 11 15 17 18 19 21 22
3 4 5 7 8 10 12 13 14 16 20
1 2 6 9 11 16 17 18 19 21 22
3 4 5 7 8 10 12 13 14 15 20
1 2 6 9 11 17 18 19 20 21 22
3 4 5 7 8 10 12 13 14 15 16
1 2 7 10 12 14 15 16 17 18 20
3 4 5 6 8 9 11 13 19 21 22
1 3 4 5 7 8 10 12 13 14 17
2 6 9 11 15 16 18 19 20 21 22
1 3 4 5 7 8 10 12 13 15 17
2 6 9 11 14 16 18 19 20 21 22
1 3 4 5 7 8 10 12 13 16 17
2 6 9 11 14 15 18 19 20 21 22
1 3 4 5 7 8 10 12 13 17 20
2 6 9 11 14 15 16 18 19 21 22
1 3 4 5 7 8 10 13 14 15 17
2 6 9 11 12 16 18 19 20 21 22
1 3 4 5 7 8 10 13 14 16 17
2 6 9 11 12 15 18 19 20 21 22
1 3 4 5 7 8 10 13 14 17 20
2 6 9 11 12 15 16 18 19 21 22
1 3 4 5 7 8 10 13 15 16 17
2 6 9 11 12 14 18 19 20 21 22
1 3 4 5 7 8 10 13 15 17 20
2 6 9 11 12 14 16 18 19 21 22
1 3 4 5 7 8 10 13 16 17 20
2 6 9 11 12 14 15 18 19 21 22
1 3 4 5 7 8 12 13 14 15 17
2 6 9 10 11 16 18 19 20 21 22
1 3 4 5 7 8 12 13 14 16 17
2 6 9 10 11 15 18 19 20 21 22
1 3 4 5 7 8 12 13 14 17 20
2 6 9 10 11 15 16 18 19 21 22
1 3 4 5 7 8 12 13 15 16 17
2 6 9 10 11 14 18 19 20 21 22
1 3 4 5 7 8 12 13 15 17 20
2 6 9 10 11 14 16 18 19 21 22
1 3 4 5 7 8 12 13 16 17 20
2 6 9 10 11 14 15 18 19 21 22
1 3 4 5 7 8 13 14 15 16 17
2 6 9 10 11 12 18 19 20 21 22
1 3 4 5 7 8 13 14 15 17 20
2 6 9 10 11 12 16 18 19 21 22
1 3 4 5 7 8 13 14 16 17 20
2 6 9 10 11 12 15 18 19 21 22
1 3 4 5 7 8 13 15 16 17 20
2 6 9 10 11 12 14 18 19 21 22
1 3 4 5 8 10 12 13 14 15 17
2 6 7 9 11 16 18 19 20 21 22
1 3 4 5 8 10 12 13 14 16 17
2 6 7 9 11 15 18 19 20 21 22
1 3 4 5 8 10 12 13 14 17 20
2 6 7 9 11 15 16 18 19 21 22
1 3 4 5 8 10 12 13 15 16 17
2 6 7 9 11 14 18 19 20 21 22
1 3 4 5 8 10 12 13 15 17 20
2 6 7 9 11 14 16 18 19 21 22
1 3 4 5 8 10 12 13 16 17 20
2 6 7 9 11 14 15 18 19 21 22
1 3 4 5 8 10 13 14 15 16 17
2 6 7 9 11 12 18 19 20 21 22
1 3 4 5 8 10 13 14 15 17 20
2 6 7 9 11 12 16 18 19 21 22
1 3 4 5 8 10 13 14 16 17 20
2 6 7 9 11 12 15 18 19 21 22
1 3 4 5 8 10 13 15 16 17 20
2 6 7 9 11 12 14 18 19 21 22
1 3 4 5 8 12 13 14 15 16 17
2 6 7 9 10 11 18 19 20 21 22
1 3 4 5 8 12 13 14 15 17 20
2 6 7 9 10 11 16 18 19 21 22
1 3 4 5 8 12 13 14 16 17 20
2 6 7 9 10 11 15 18 19 21 22
1 3 4 5 8 12 13 15 16 17 20
2 6 7 9 10 11 14 18 19 21 22
1 3 4 5 8 13 14 15 16 17 20
2 6 7 9 10 11 12 18 19 21 22
1 3 4 7 8 10 12 13 14 15 17
2 5 6 9 11 16 18 19 20 21 22
1 3 4 7 8 10 12 13 14 16 17
2 5 6 9 11 15 18 19 20 21 22
1 3 4 7 8 10 12 13 14 17 20
2 5 6 9 11 15 16 18 19 21 22
1 3 4 7 8 10 12 13 15 16 17
2 5 6 9 11 14 18 19 20 21 22
1 3 4 7 8 10 12 13 15 17 20
2 5 6 9 11 14 16 18 19 21 22
1 3 4 7 8 10 12 13 16 17 20
2 5 6 9 11 14 15 18 19 21 22
1 3 4 7 8 10 13 14 15 16 17
2 5 6 9 11 12 18 19 20 21 22
1 3 4 7 8 10 13 14 15 17 20
2 5 6 9 11 12 16 18 19 21 22
1 3 4 7 8 10 13 14 16 17 20
2 5 6 9 11 12 15 18 19 21 22
1 3 4 7 8 10 13 15 16 17 20
2 5 6 9 11 12 14 18 19 21 22
1 3 4 7 8 12 13 14 15 16 17
2 5 6 9 10 11 18 19 20 21 22
1 3 4 7 8 12 13 14 15 17 20
2 5 6 9 10 11 16 18 19 21 22
1 3 4 7 8 12 13 14 16 17 20
2 5 6 9 10 11 15 18 19 21 22
1 3 4 7 8 12 13 15 16 17 20
2 5 6 9 10 11 14 18 19 21 22
1 3 4 7 8 13 14 15 16 17 20
2 5 6 9 10 11 12 18 19 21 22
1 3 4 8 10 12 13 14 15 16 17
2 5 6 7 9 11 18 19 20 21 22
1 3 4 8 10 12 13 14 15 17 20
2 5 6 7 9 11 16 18 19 21 22
1 3 4 8 10 12 13 14 16 17 20
2 5 6 7 9 11 15 18 19 21 22
1 3 4 8 10 12 13 15 16 17 20
2 5 6 7 9 11 14 18 19 21 22
1 3 4 8 10 13 14 15 16 17 20
2 5 6 7 9 11 12 18 19 21 22
1 3 4 8 12 13 14 15 16 17 20
2 5 6 7 9 10 11 18 19 21 22
1 3 5 6 7 9 11 17 19 21 22
2 4 8 10 12 13 14 15 16 18 20
1 3 5 6 9 10 11 17 19 21 22
2 4 7 8 12 13 14 15 16 18 20
1 3 5 6 9 11 12 17 19 21 22
2 4 7 8 10 13 14 15 16 18 20
1 3 5 6 9 11 14 17 19 21 22
2 4 7 8 10 12 13 15 16 18 20
1 3 5 6 9 11 15 17 19 21 22
2 4 7 8 10 12 13 14 16 18 20
1 3 5 6 9 11 16 17 19 21 22
2 4 7 8 10 12 13 14 15 18 20
1 3 5 6 9 11 17 19 20 21 22
2 4 7 8 10 12 13 14 15 16 18
1 3 5 7 10 12 14 15 16 17 20
2 4 6 8 9 11 13 18 19 21 22
1 3 6 7 9 10 11 17 19 21 22
2 4 5 8 12 13 14 15 16 18 20
1 3 6 7 9 11 12 17 19 21 22
2 4 5 8 10 13 14 15 16 18 20
1 3 6 7 9 11 14 17 19 21 22
2 4 5 8 10 12 13 15 16 18 20
1 3 6 7 9 11 15 17 19 21 22
2 4 5 8 10 12 13 14 16 18 20
1 3 6 7 9 11 16 17 19 21 22
2 4 5 8 10 12 13 14 15 18 20
1 3 6 7 9 11 17 19 20 21 22
2 4 5 8 10 12 13 14 15 16 18
1 3 6 9 10 11 12 17 19 21 22
2 4 5 7 8 13 14 15 16 18 20
1 3 6 9 10 11 14 17 19 21 22
2 4 5 7 8 12 13 15 16 18 20
1 3 6 9 10 11 15 17 19 21 22
2 4 5 7 8 12 13 14 16 18 20
1 3 6 9 10 11 16 17 19 21 22
2 4 5 7 8 12 13 14 15 18 20
1 3 6 9 10 11 17 19 20 21 22
2 4 5 7 8 12 13 14 15 16 18
1 3 6 9 11 12 14 17 19 21 22
2 4 5 7 8 10 13 15 16 18 20
1 3 6 9 11 12 15 17 19 21 22
2 4 5 7 8 10 13 14 16 18 20
1 3 6 9 11 12 16 17 19 21 22
2 4 5 7 8 10 13 14 15 18 20
1 3 6 9 11 12 17 19 20 21 22
2 4 5 7 8 10 13 14 15 16 18
1 3 6 9 11 14 15 17 19 21 22
2 4 5 7 8 10 12 13 16 18 20
1 3 6 9 11 14 16 17 19 21 22
2 4 5 7 8 10 12 13 15 18 20
1 3 6 9 11 14 17 19 20 21 22
2 4 5 7 8 10 12 13 15 16 18
1 3 6 9 11 15 16 17 19 21 22
2 4 5 7 8 10 12 13 14 18 20
1 3 6 9 11 15 17 19 20 21 22
2 4 5 7 8 10 12 13 14 16 18
1 3 6 9 11 16 17 19 20 21 22
2 4 5 7 8 10 12 13 14 15 18
1 4 5 7 8 10 12 13 14 15 17
2 3 6 9 11 16 18 19 20 21 22
1 4 5 7 8 10 12 13 14 16 17
2 3 6 9 11 15 18 19 20 21 22
1 4 5 7 8 10 12 13 14 17 20
2 3 6 9 11 15 16 18 19 21 22
1 4 5 7 8 10 12 13 15 16 17
2 3 6 9 11 14 18 19 20 21 22
1 4 5 7 8 10 12 13 15 17 20
2 3 6 9 11 14 16 18 19 21 22
1 4 5 7 8 10 12 13 16 17 20
2 3 6 9 11 14 15 18 19 21 22
1 4 5 7 8 10 13 14 15 16 17
2 3 6 9 11 12 18 19 20 21 22
1 4 5 7 8 10 13 14 15 17 20
2 3 6 9 11 12 16 18 19 21 22
1 4 5 7 8 10 13 14 16 17 20
2 3 6 9 11 12 15 18 19 21 22
1 4 5 7 8 10 13 15 16 17 20
2 3 6 9 11 12 14 18 19 21 22
1 4 5 7 8 12 13 14 15 16 17
2 3 6 9 10 11 18 19 20 21 22
1 4 5 7 8 12 13 14 15 17 20
2 3 6 9 10 11 16 18 19 21 22
1 4 5 7 8 12 13 14 16 17 20
2 3 6 9 10 11 15 18 19 21 22
1 4 5 7 8 12 13 15 16 17 20
2 3 6 9 10 11 14 18 19 21 22
1 4 5 7 8 13 14 15 16 17 20
2 3 6 9 10 11 12 18 19 21 22
1 4 5 8 10 12 13 14 15 16 17
2 3 6 7 9 11 18 19 20 21 22
1 4 5 8 10 12 13 14 15 17 20
2 3 6 7 9 11 16 18 19 21 22
1 4 5 8 10 12 13 14 16 17 20
2 3 6 7 9 11 15 18 19 21 22
1 4 5 8 10 12 13 15 16 17 20
2 3 6 7 9 11 14 18 19 21 22
1 4 5 8 10 13 14 15 16 17 20
2 3 6 7 9 11 12 18 19 21 22
1 4 5 8 12 13 14 15 16 17 20
2 3 6 7 9 10 11 18 19 21 22
1 4 6 8 9 11 13 17 19 21 22
2 3 5 7 10 12 14 15 16 18 20
1 4 7 8 10 12 13 14 15 16 17
2 3 5 6 9 11 18 19 20 21 22
1 4 7 8 10 12 13 14 15 17 20
2 3 5 6 9 11 16 18 19 21 22
1 4 7 8 10 12 13 14 16 17 20
2 3 5 6 9 11 15 18 19 21 22
1 4 7 8 10 12 13 15 16 17 20
2 3 5 6 9 11 14 18 19 21 22
1 4 7 8 10 13 14 15 16 17 20
2 3 5 6 9 11 12 18 19 21 22
1 4 7 8 12 13 14 15 16 17 20
2 3 5 6 9 10 11 18 19 21 22
1 4 8 10 12 13 14 15 16 17 20
2 3 5 6 7 9 11 18 19 21 22
1 5 6 7 9 10 11 17 19 21 22
2 3 4 8 12 13 14 15 16 18 20
1 5 6 7 9 11 12 17 19 21 22
2 3 4 8 10 13 14 15 16 18 20
1 5 6 7 9 11 14 17 19 21 22
2 3 4 8 10 12 13 15 16 18 20
1 5 6 7 9 11 15 17 19 21 22
2 3 4 8 10 12 13 14 16 18 20
1 5 6 7 9 11 16 17 19 21 22
2 3 4 8 10 12 13 14 15 18 20
1 5 6 7 9 11 17 19 20 21 22
2 3 4 8 10 12 13 14 15 16 18
1 5 6 9 10 11 12 17 19 21 22
2 3 4 7 8 13 14 15 16 18 20
1 5 6 9 10 11 14 17 19 21 22
2 3 4 7 8 12 13 15 16 18 20
1 5 6 9 10 11 15 17 19 21 22
2 3 4 7 8 12 13 14 16 18 20
1 5 6 9 10 11 16 17 19 21 22
2 3 4 7 8 12 13 14 15 18 20
1 5 6 9 10 11 17 19 20 21 22
2 3 4 7 8 12 13 14 15 16 18
1 5 6 9 11 12 14 17 19 21 22
2 3 4 7 8 10 13 15 16 18 20
1 5 6 9 11 12 15 17 19 21 22
2 3 4 7 8 10 13 14 16 18 20
1 5 6 9 11 12 16 17 19 21 22
2 3 4 7 8 10 13 14 15 18 20
1 5 6 9 11 12 17 19 20 21 22
2 3 4 7 8 10 13 14 15 16 18
1 5 6 9 11 14 15 17 19 21 22
2 3 4 7 8 10 12 13 16 18 20
1 5 6 9 11 14 16 17 19 21 22
2 3 4 7 8 10 12 13 15 18 20
1 5 6 9 11 14 17 19 20 21 22
2 3 4 7 8 10 12 13 15 16 18
1 5 6 9 11 15 16 17 19 21 22
2 3 4 7 8 10 12 13 14 18 20
1 5 6 9 11 15 17 19 20 21 22
2 3 4 7 8 10 12 13 14 16 18
1 5 6 9 11 16 17 19 20 21 22
2 3 4 7 8 10 12 13 14 15 18
1 6 7 9 10 11 12 17 19 21 22
2 3 4 5 8 13 14 15 16 18 20
1 6 7 9 10 11 14 17 19 21 22
2 3 4 5 8 12 13 15 16 18 20
1 6 7 9 10 11 15 17 19 21 22
2 3 4 5 8 12 13 14 16 18 20
1 6 7 9 10 11 16 17 19 21 22
2 3 4 5 8 12 13 14 15 18 20
1 6 7 9 10 11 17 19 20 21 22
2 3 4 5 8 12 13 14 15 16 18
1 6 7 9 11 12 14 17 19 21 22
2 3 4 5 8 10 13 15 16 18 20
1 6 7 9 11 12 15 17 19 21 22
2 3 4 5 8 10 13 14 16 18 20
1 6 7 9 11 12 16 17 19 21 22
2 3 4 5 8 10 13 14 15 18 20
1 6 7 9 11 12 17 19 20 21 22
2 3 4 5 8 10 13 14 15 16 18
1 6 7 9 11 14 15 17 19 21 22
2 3 4 5 8 10 12 13 16 18 20
1 6 7 9 11 14 16 17 19 21 22
2 3 4 5 8 10 12 13 15 18 20
1 6 7 9 11 14 17 19 20 21 22
2 3 4 5 8 10 12 13 15 16 18
1 6 7 9 11 15 16 17 19 21 22
2 3 4 5 8 10 12 13 14 18 20
1 6 7 9 11 15 17 19 20 21 22
2 3 4 5 8 10 12 13 14 16 18
1 6 7 9 11 16 17 19 20 21 22
2 3 4 5 8 10 12 13 14 15 18
1 6 9 10 11 12 14 17 19 21 22
2 3 4 5 7 8 13 15 16 18 20
1 6 9 10 11 12 15 17 19 21 22
2 3 4 5 7 8 13 14 16 18 20
1 6 9 10 11 12 16 17 19 21 22
2 3 4 5 7 8 13 14 15 18 20
1 6 9 10 11 12 17 19 20 21 22
2 3 4 5 7 8 13 14 15 16 18
1 6 9 10 11 14 15 17 19 21 22
2 3 4 5 7 8 12 13 16 18 20
1 6 9 10 11 14 16 17 19 21 22
2 3 4 5 7 8 12 13 15 18 20
1 6 9 10 11 14 17 19 20 21 22
2 3 4 5 7 8 12 13 15 16 18
1 6 9 10 11 15 16 17 19 21 22
2 3 4 5 7 8 12 13 14 18 20
1 6 9 10 11 15 17 19 20 21 22
2 3 4 5 7 8 12 13 14 16 18
1 6 9 10 11 16 17 19 20 21 22
2 3 4 5 7 8 12 13 14 15 18
1 6 9 11 12 14 15 17 19 21 22
2 3 4 5 7 8 10 13 16 18 20
1 6 9 11 12 14 16 17 19 21 22
2 3 4 5 7 8 10 13 15 18 20
1 6 9 11 12 14 17 19 20 21 22
2 3 4 5 7 8 10 13 15 16 18
1 6 9 11 12 15 16 17 19 21 22
2 3 4 5 7 8 10 13 14 18 20
1 6 9 11 12 15 17 19 20 21 22
2 3 4 5 7 8 10 13 14 16 18
1 6 9 11 12 16 17 19 20 21 22
2 3 4 5 7 8 10 13 14 15 18
1 6 9 11 14 15 16 17 19 21 22
2 3 4 5 7 8 10 12 13 18 20
1 6 9 11 14 15 17 19 20 21 22
2 3 4 5 7 8 10 12 13 16 18
1 6 9 11 14 16 17 19 20 21 22
2 3 4 5 7 8 10 12 13 15 18
1 6 9 11 15 16 17 19 20 21 22
2 3 4 5 7 8 10 12 13 14 18
