1.414214
1 2 6 7 11 12 13
3 4 5 8 9 10 14
1 2 6 9 11 12 13
3 4 5 7 8 10 14
1 2 6 10 11 12 13
3 4 5 7 8 9 14
1 2 6 11 12 13 14
3 4 5 7 8 9 10
1 3 4 5 8 11 12
2 6 7 9 10 13 14
1 3 4 7 9 11 12
2 5 6 8 10 13 14
1 3 4 7 10 11 12
2 5 6 8 9 13 14
1 3 4 7 11 12 14
2 5 6 8 9 10 13
1 3 4 9 10 11 12
2 5 6 7 8 13 14
1 3 4 9 11 12 14
2 5 6 7 8 10 13
1 3 4 10 11 12 14
2 5 6 7 8 9 13
1 5 7 8 9 11 12
2 3 4 6 10 13 14
1 5 7 8 10 11 12
2 3 4 6 9 13 14
1 5 7 8 11 12 14
2 3 4 6 9 10 13
1 5 8 9 10 11 12
2 3 4 6 7 13 14
1 5 8 9 11 12 14
2 3 4 6 7 10 13
1 5 8 10 11 12 14
2 3 4 6 7 9 13
1 7 9 10 11 12 14
2 3 4 5 6 8 13
