2.236068
1 2 6 8 10 12 13 14 15 20 22
3 4 5 7 9 11 16 17 18 19 21
1 2 6 8 10 13 14 15 16 20 22
3 4 5 7 9 11 12 17 18 19 21
1 2 6 8 10 13 14 15 18 20 22
3 4 5 7 9 11 12 16 17 19 21
1 2 6 10 12 13 14 15 16 18 20
3 4 5 7 8 9 11 17 19 21 22
1 2 8 10 12 13 14 15 16 20 22
3 4 5 6 7 9 11 17 18 19 21
1 2 8 10 12 13 14 15 18 20 22
3 4 5 6 7 9 11 16 17 19 21
1 2 8 10 13 14 15 16 18 20 22
3 4 5 6 7 9 11 12 17 19 21
1 3 4 5 6 7 9 11 17 19 21
2 8 10 12 13 14 15 16 18 20 22
1 3 4 5 7 9 11 12 17 19 21
2 6 8 10 13 14 15 16 18 20 22
1 3 4 5 7 9 11 16 17 19 21
2 6 8 10 12 13 14 15 18 20 22
1 3 4 5 7 9 11 17 18 19 21
2 6 8 10 12 13 14 15 16 20 22
