2.000000
1 2 3 5 8 10 11
4 6 7 9 12 13 14
1 2 4 5 8 10 11
3 6 7 9 12 13 14
1 2 5 6 8 10 11
3 4 7 9 12 13 14
1 2 5 8 9 10 11
3 4 6 7 12 13 14
1 2 5 8 10 11 12
3 4 6 7 9 13 14
1 2 5 8 10 11 13
3 4 6 7 9 12 14
1 3 4 5 8 10 11
2 6 7 9 12 13 14
1 3 5 6 8 10 11
2 4 7 9 12 13 14
1 3 5 8 9 10 11
2 4 6 7 12 13 14
1 3 5 8 10 11 12
2 4 6 7 9 13 14
1 3 5 8 10 11 13
2 4 6 7 9 12 14
1 4 5 6 8 10 11
2 3 7 9 12 13 14
1 4 5 8 9 10 11
2 3 6 7 12 13 14
1 4 5 8 10 11 12
2 3 6 7 9 13 14
1 4 5 8 10 11 13
2 3 6 7 9 12 14
1 5 6 8 9 10 11
2 3 4 7 12 13 14
1 5 6 8 10 11 12
2 3 4 7 9 13 14
1 5 6 8 10 11 13
2 3 4 7 9 12 14
1 5 7 8 10 11 14
2 3 4 6 9 12 13
1 5 8 9 10 11 12
2 3 4 6 7 13 14
1 5 8 9 10 11 13
2 3 4 6 7 12 14
1 5 8 10 11 12 13
2 3 4 6 7 9 14
