2.828427
1 2 3 4 6 7 9 10 14 20 21
5 8 11 12 13 15 16 17 18 19 22
1 2 3 5 6 9 10 14 19 20 22
4 7 8 11 12 13 15 16 17 18 21
1 2 3 6 8 9 10 11 14 18 20
4 5 7 12 13 15 16 17 19 21 22
1 2 3 6 9 10 12 14 15 17 20
4 5 7 8 11 13 16 18 19 21 22
1 2 3 6 9 10 13 14 16 20 22
4 5 7 8 11 12 15 17 18 19 21
1 2 4 5 6 7 13 16 19 20 21
3 8 9 10 11 12 14 15 17 18 22
1 2 4 6 7 8 11 18 20 21 22
3 5 9 10 12 13 14 15 16 17 19
1 2 4 6 7 12 15 17 20 21 22
3 5 8 9 10 11 13 14 16 18 19
1 2 5 6 8 11 13 16 18 19 20
3 4 7 9 10 12 14 15 17 21 22
1 2 5 6 12 13 15 16 17 19 20
3 4 7 8 9 10 11 14 18 21 22
1 2 6 8 11 12 15 17 18 20 22
3 4 5 7 9 10 13 14 16 19 21
1 3 4 6 7 9 10 14 20 21 22
2 5 8 11 12 13 15 16 17 18 19
1 3 5 6 9 10 13 14 16 19 20
2 4 7 8 11 12 15 17 18 21 22
1 3 6 8 9 10 11 14 18 20 22
2 4 5 7 12 13 15 16 17 19 21
1 3 6 9 10 12 14 15 17 20 22
2 4 5 7 8 11 13 16 18 19 21
1 4 5 6 7 8 11 18 19 20 21
2 3 9 10 12 13 14 15 16 17 22
1 4 5 6 7 12 15 17 19 20 21
2 3 8 9 10 11 13 14 16 18 22
1 4 5 6 7 13 16 19 20 21 22
2 3 8 9 10 11 12 14 15 17 18
1 4 6 7 8 11 13 16 18 20 21
2 3 5 9 10 12 14 15 17 19 22
1 4 6 7 12 13 15 16 17 20 21
2 3 5 8 9 10 11 14 18 19 22
1 5 6 8 11 12 15 17 18 19 20
2 3 4 7 9 10 13 14 16 21 22
1 5 6 8 11 13 16 18 19 20 22
2 3 4 7 9 10 12 14 15 17 21
1 5 6 12 13 15 16 17 19 20 22
2 3 4 7 8 9 10 11 14 18 21
1 6 8 11 12 13 15 16 17 18 20
2 3 4 5 7 9 10 14 19 21 22
