2.000000
1 2 3 5 6 7 9 10
4 8 11 12 13 14 15 16
1 2 3 5 6 9 10 12
4 7 8 11 13 14 15 16
1 2 3 5 6 9 10 15
4 7 8 11 12 13 14 16
1 2 3 5 6 9 10 16
4 7 8 11 12 13 14 15
1 2 3 6 7 9 10 12
4 5 8 11 13 14 15 16
1 2 3 6 7 9 10 15
4 5 8 11 12 13 14 16
1 2 3 6 7 9 10 16
4 5 8 11 12 13 14 15
1 2 3 6 9 10 11 13
4 5 7 8 12 14 15 16
1 2 3 6 9 10 12 15
4 5 7 8 11 13 14 16
1 2 3 6 9 10 12 16
4 5 7 8 11 13 14 15
1 2 3 6 9 10 15 16
4 5 7 8 11 12 13 14
1 3 4 6 8 9 10 14
2 5 7 11 12 13 15 16
1 3 5 6 7 9 10 12
2 4 8 11 13 14 15 16
1 3 5 6 7 9 10 15
2 4 8 11 12 13 14 16
1 3 5 6 7 9 10 16
2 4 8 11 12 13 14 15
1 3 5 6 9 10 11 13
2 4 7 8 12 14 15 16
1 3 5 6 9 10 12 15
2 4 7 8 11 13 14 16
1 3 5 6 9 10 12 16
2 4 7 8 11 13 14 15
1 3 5 6 9 10 15 16
2 4 7 8 11 12 13 14
1 3 6 7 9 10 11 13
2 4 5 8 12 14 15 16
1 3 6 7 9 10 12 15
2 4 5 8 11 13 14 16
1 3 6 7 9 10 12 16
2 4 5 8 11 13 14 15
1 3 6 7 9 10 15 16
2 4 5 8 11 12 13 14
1 3 6 9 10 11 12 13
2 4 5 7 8 14 15 16
1 3 6 9 10 11 13 15
2 4 5 7 8 12 14 16
1 3 6 9 10 11 13 16
2 4 5 7 8 12 14 15
1 3 6 9 10 12 15 16
2 4 5 7 8 11 13 14
