2.000000
1 2 3 4 7 8 10 12 15
5 6 9 11 13 14 16 17 18
1 2 3 5 7 10 12 15 16
4 6 8 9 11 13 14 17 18
1 2 3 7 9 10 12 13 15
4 5 6 8 11 14 16 17 18
1 2 4 5 8 10 12 15 16
3 6 7 9 11 13 14 17 18
1 2 4 8 9 10 12 13 15
3 5 6 7 11 14 16 17 18
1 2 5 9 10 12 13 15 16
3 4 6 7 8 11 14 17 18
1 2 6 10 11 12 14 17 18
3 4 5 7 8 9 13 15 16
1 3 4 5 7 8 9 13 16
2 6 10 11 12 14 15 17 18
1 3 6 7 11 14 15 17 18
2 4 5 8 9 10 12 13 16
1 4 6 8 11 14 15 17 18
2 3 5 7 9 10 12 13 16
1 5 6 11 14 15 16 17 18
2 3 4 7 8 9 10 12 13
1 6 9 11 13 14 15 17 18
2 3 4 5 7 8 10 12 16
