1.414214
1 2 3 4 5 6 8 10
7 9 11 12 13 14 15 16
1 2 3 4 5 7 8 10
6 9 11 12 13 14 15 16
1 2 3 4 5 8 10 12
6 7 9 11 13 14 15 16
1 2 3 4 5 8 10 13
6 7 9 11 12 14 15 16
1 2 3 4 5 8 10 16
6 7 9 11 12 13 14 15
1 2 3 4 6 7 8 12
5 9 10 11 13 14 15 16
1 2 3 4 6 7 8 13
5 9 10 11 12 14 15 16
1 2 3 4 6 7 8 16
5 9 10 11 12 13 14 15
1 2 3 4 6 8 9 14
5 7 10 11 12 13 15 16
1 2 3 4 6 8 11 15
5 7 9 10 12 13 14 16
1 2 3 4 6 8 12 13
5 7 9 10 11 14 15 16
1 2 3 4 6 8 12 16
5 7 9 10 11 13 14 15
1 2 3 4 6 8 13 16
5 7 9 10 11 12 14 15
1 2 3 4 7 8 9 14
5 6 10 11 12 13 15 16
1 2 3 4 7 8 11 15
5 6 9 10 12 13 14 16
1 2 3 4 7 8 12 13
5 6 9 10 11 14 15 16
1 2 3 4 7 8 12 16
5 6 9 10 11 13 14 15
1 2 3 4 7 8 13 16
5 6 9 10 11 12 14 15
1 2 3 4 8 9 12 14
5 6 7 10 11 13 15 16
1 2 3 4 8 9 13 14
5 6 7 10 11 12 15 16
1 2 3 4 8 9 14 16
5 6 7 10 11 12 13 15
1 2 3 4 8 11 12 15
5 6 7 9 10 13 14 16
1 2 3 4 8 11 13 15
5 6 7 9 10 12 14 16
1 2 3 4 8 11 15 16
5 6 7 9 10 12 13 14
1 2 3 4 8 12 13 16
5 6 7 9 10 11 14 15
1 2 3 5 6 7 10 12
4 8 9 11 13 14 15 16
1 2 3 5 6 7 10 13
4 8 9 11 12 14 15 16
1 2 3 5 6 7 10 16
4 8 9 11 12 13 14 15
1 2 3 5 6 9 10 14
4 7 8 11 12 13 15 16
1 2 3 5 6 10 11 15
4 7 8 9 12 13 14 16
1 2 3 5 6 10 12 13
4 7 8 9 11 14 15 16
1 2 3 5 6 10 12 16
4 7 8 9 11 13 14 15
1 2 3 5 6 10 13 16
4 7 8 9 11 12 14 15
1 2 3 5 7 9 10 14
4 6 8 11 12 13 15 16
1 2 3 5 7 10 11 15
4 6 8 9 12 13 14 16
1 2 3 5 7 10 12 13
4 6 8 9 11 14 15 16
1 2 3 5 7 10 12 16
4 6 8 9 11 13 14 15
1 2 3 5 7 10 13 16
4 6 8 9 11 12 14 15
1 2 3 5 9 10 12 14
4 6 7 8 11 13 15 16
1 2 3 5 9 10 13 14
4 6 7 8 11 12 15 16
1 2 3 5 9 10 14 16
4 6 7 8 11 12 13 15
1 2 3 5 10 11 12 15
4 6 7 8 9 13 14 16
1 2 3 5 10 11 13 15
4 6 7 8 9 12 14 16
1 2 3 5 10 11 15 16
4 6 7 8 9 12 13 14
1 2 3 5 10 12 13 16
4 6 7 8 9 11 14 15
1 2 3 6 7 9 12 14
4 5 8 10 11 13 15 16
1 2 3 6 7 9 13 14
4 5 8 10 11 12 15 16
1 2 3 6 7 9 14 16
4 5 8 10 11 12 13 15
1 2 3 6 7 11 12 15
4 5 8 9 10 13 14 16
1 2 3 6 7 11 13 15
4 5 8 9 10 12 14 16
1 2 3 6 7 11 15 16
4 5 8 9 10 12 13 14
1 2 3 6 7 12 13 16
4 5 8 9 10 11 14 15
1 2 3 6 9 11 14 15
4 5 7 8 10 12 13 16
1 2 3 6 9 12 13 14
4 5 7 8 10 11 15 16
1 2 3 6 9 12 14 16
4 5 7 8 10 11 13 15
1 2 3 6 9 13 14 16
4 5 7 8 10 11 12 15
1 2 3 6 11 12 13 15
4 5 7 8 9 10 14 16
1 2 3 6 11 12 15 16
4 5 7 8 9 10 13 14
1 2 3 6 11 13 15 16
4 5 7 8 9 10 12 14
1 2 3 7 9 11 14 15
4 5 6 8 10 12 13 16
1 2 3 7 9 12 13 14
4 5 6 8 10 11 15 16
1 2 3 7 9 12 14 16
4 5 6 8 10 11 13 15
1 2 3 7 9 13 14 16
4 5 6 8 10 11 12 15
1 2 3 7 11 12 13 15
4 5 6 8 9 10 14 16
1 2 3 7 11 12 15 16
4 5 6 8 9 10 13 14
1 2 3 7 11 13 15 16
4 5 6 8 9 10 12 14
1 2 3 9 11 12 14 15
4 5 6 7 8 10 13 16
1 2 3 9 11 13 14 15
4 5 6 7 8 10 12 16
1 2 3 9 11 14 15 16
4 5 6 7 8 10 12 13
1 2 3 9 12 13 14 16
4 5 6 7 8 10 11 15
1 2 3 11 12 13 15 16
4 5 6 7 8 9 10 14
1 2 4 5 6 7 8 10
3 9 11 12 13 14 15 16
1 2 4 5 6 8 10 12
3 7 9 11 13 14 15 16
1 2 4 5 6 8 10 13
3 7 9 11 12 14 15 16
1 2 4 5 6 8 10 16
3 7 9 11 12 13 14 15
1 2 4 5 7 8 10 12
3 6 9 11 13 14 15 16
1 2 4 5 7 8 10 13
3 6 9 11 12 14 15 16
1 2 4 5 7 8 10 16
3 6 9 11 12 13 14 15
1 2 4 5 8 9 10 14
3 6 7 11 12 13 15 16
1 2 4 5 8 10 11 15
3 6 7 9 12 13 14 16
1 2 4 5 8 10 12 13
3 6 7 9 11 14 15 16
1 2 4 5 8 10 12 16
3 6 7 9 11 13 14 15
1 2 4 5 8 10 13 16
3 6 7 9 11 12 14 15
1 2 4 6 7 8 9 14
3 5 10 11 12 13 15 16
1 2 4 6 7 8 11 15
3 5 9 10 12 13 14 16
1 2 4 6 7 8 12 13
3 5 9 10 11 14 15 16
1 2 4 6 7 8 12 16
3 5 9 10 11 13 14 15
1 2 4 6 7 8 13 16
3 5 9 10 11 12 14 15
1 2 4 6 8 9 12 14
3 5 7 10 11 13 15 16
1 2 4 6 8 9 13 14
3 5 7 10 11 12 15 16
1 2 4 6 8 9 14 16
3 5 7 10 11 12 13 15
1 2 4 6 8 11 12 15
3 5 7 9 10 13 14 16
1 2 4 6 8 11 13 15
3 5 7 9 10 12 14 16
1 2 4 6 8 11 15 16
3 5 7 9 10 12 13 14
1 2 4 6 8 12 13 16
3 5 7 9 10 11 14 15
1 2 4 7 8 9 12 14
3 5 6 10 11 13 15 16
1 2 4 7 8 9 13 14
3 5 6 10 11 12 15 16
1 2 4 7 8 9 14 16
3 5 6 10 11 12 13 15
1 2 4 7 8 11 12 15
3 5 6 9 10 13 14 16
1 2 4 7 8 11 13 15
3 5 6 9 10 12 14 16
1 2 4 7 8 11 15 16
3 5 6 9 10 12 13 14
1 2 4 7 8 12 13 16
3 5 6 9 10 11 14 15
1 2 4 8 9 11 14 15
3 5 6 7 10 12 13 16
1 2 4 8 9 12 13 14
3 5 6 7 10 11 15 16
1 2 4 8 9 12 14 16
3 5 6 7 10 11 13 15
1 2 4 8 9 13 14 16
3 5 6 7 10 11 12 15
1 2 4 8 11 12 13 15
3 5 6 7 9 10 14 16
1 2 4 8 11 12 15 16
3 5 6 7 9 10 13 14
1 2 4 8 11 13 15 16
3 5 6 7 9 10 12 14
1 2 5 6 7 9 10 14
3 4 8 11 12 13 15 16
1 2 5 6 7 10 11 15
3 4 8 9 12 13 14 16
1 2 5 6 7 10 12 13
3 4 8 9 11 14 15 16
1 2 5 6 7 10 12 16
3 4 8 9 11 13 14 15
1 2 5 6 7 10 13 16
3 4 8 9 11 12 14 15
1 2 5 6 9 10 12 14
3 4 7 8 11 13 15 16
1 2 5 6 9 10 13 14
3 4 7 8 11 12 15 16
1 2 5 6 9 10 14 16
3 4 7 8 11 12 13 15
1 2 5 6 10 11 12 15
3 4 7 8 9 13 14 16
1 2 5 6 10 11 13 15
3 4 7 8 9 12 14 16
1 2 5 6 10 11 15 16
3 4 7 8 9 12 13 14
1 2 5 6 10 12 13 16
3 4 7 8 9 11 14 15
1 2 5 7 9 10 12 14
3 4 6 8 11 13 15 16
1 2 5 7 9 10 13 14
3 4 6 8 11 12 15 16
1 2 5 7 9 10 14 16
3 4 6 8 11 12 13 15
1 2 5 7 10 11 12 15
3 4 6 8 9 13 14 16
1 2 5 7 10 11 13 15
3 4 6 8 9 12 14 16
1 2 5 7 10 11 15 16
3 4 6 8 9 12 13 14
1 2 5 7 10 12 13 16
3 4 6 8 9 11 14 15
1 2 5 9 10 11 14 15
3 4 6 7 8 12 13 16
1 2 5 9 10 12 13 14
3 4 6 7 8 11 15 16
1 2 5 9 10 12 14 16
3 4 6 7 8 11 13 15
1 2 5 9 10 13 14 16
3 4 6 7 8 11 12 15
1 2 5 10 11 12 13 15
3 4 6 7 8 9 14 16
1 2 5 10 11 12 15 16
3 4 6 7 8 9 13 14
1 2 5 10 11 13 15 16
3 4 6 7 8 9 12 14
1 2 6 7 9 11 14 15
3 4 5 8 10 12 13 16
1 2 6 7 9 12 13 14
3 4 5 8 10 11 15 16
1 2 6 7 9 12 14 16
3 4 5 8 10 11 13 15
1 2 6 7 9 13 14 16
3 4 5 8 10 11 12 15
1 2 6 7 11 12 13 15
3 4 5 8 9 10 14 16
1 2 6 7 11 12 15 16
3 4 5 8 9 10 13 14
1 2 6 7 11 13 15 16
3 4 5 8 9 10 12 14
1 2 6 9 11 12 14 15
3 4 5 7 8 10 13 16
1 2 6 9 11 13 14 15
3 4 5 7 8 10 12 16
1 2 6 9 11 14 15 16
3 4 5 7 8 10 12 13
1 2 6 9 12 13 14 16
3 4 5 7 8 10 11 15
1 2 6 11 12 13 15 16
3 4 5 7 8 9 10 14
1 2 7 9 11 12 14 15
3 4 5 6 8 10 13 16
1 2 7 9 11 13 14 15
3 4 5 6 8 10 12 16
1 2 7 9 11 14 15 16
3 4 5 6 8 10 12 13
1 2 7 9 12 13 14 16
3 4 5 6 8 10 11 15
1 2 7 11 12 13 15 16
3 4 5 6 8 9 10 14
1 2 9 11 12 13 14 15
3 4 5 6 7 8 10 16
1 2 9 11 12 14 15 16
3 4 5 6 7 8 10 13
1 2 9 11 13 14 15 16
3 4 5 6 7 8 10 12
1 3 4 5 6 7 8 10
2 9 11 12 13 14 15 16
1 3 4 5 6 8 10 12
2 7 9 11 13 14 15 16
1 3 4 5 6 8 10 13
2 7 9 11 12 14 15 16
1 3 4 5 6 8 10 16
2 7 9 11 12 13 14 15
1 3 4 5 7 8 10 12
2 6 9 11 13 14 15 16
1 3 4 5 7 8 10 13
2 6 9 11 12 14 15 16
1 3 4 5 7 8 10 16
2 6 9 11 12 13 14 15
1 3 4 5 8 9 10 14
2 6 7 11 12 13 15 16
1 3 4 5 8 10 11 15
2 6 7 9 12 13 14 16
1 3 4 5 8 10 12 13
2 6 7 9 11 14 15 16
1 3 4 5 8 10 12 16
2 6 7 9 11 13 14 15
1 3 4 5 8 10 13 16
2 6 7 9 11 12 14 15
1 3 4 6 7 8 9 14
2 5 10 11 12 13 15 16
1 3 4 6 7 8 11 15
2 5 9 10 12 13 14 16
1 3 4 6 7 8 12 13
2 5 9 10 11 14 15 16
1 3 4 6 7 8 12 16
2 5 9 10 11 13 14 15
1 3 4 6 7 8 13 16
2 5 9 10 11 12 14 15
1 3 4 6 8 9 12 14
2 5 7 10 11 13 15 16
1 3 4 6 8 9 13 14
2 5 7 10 11 12 15 16
1 3 4 6 8 9 14 16
2 5 7 10 11 12 13 15
1 3 4 6 8 11 12 15
2 5 7 9 10 13 14 16
1 3 4 6 8 11 13 15
2 5 7 9 10 12 14 16
1 3 4 6 8 11 15 16
2 5 7 9 10 12 13 14
1 3 4 6 8 12 13 16
2 5 7 9 10 11 14 15
1 3 4 7 8 9 12 14
2 5 6 10 11 13 15 16
1 3 4 7 8 9 13 14
2 5 6 10 11 12 15 16
1 3 4 7 8 9 14 16
2 5 6 10 11 12 13 15
1 3 4 7 8 11 12 15
2 5 6 9 10 13 14 16
1 3 4 7 8 11 13 15
2 5 6 9 10 12 14 16
1 3 4 7 8 11 15 16
2 5 6 9 10 12 13 14
1 3 4 7 8 12 13 16
2 5 6 9 10 11 14 15
1 3 4 8 9 11 14 15
2 5 6 7 10 12 13 16
1 3 4 8 9 12 13 14
2 5 6 7 10 11 15 16
1 3 4 8 9 12 14 16
2 5 6 7 10 11 13 15
1 3 4 8 9 13 14 16
2 5 6 7 10 11 12 15
1 3 4 8 11 12 13 15
2 5 6 7 9 10 14 16
1 3 4 8 11 12 15 16
2 5 6 7 9 10 13 14
1 3 4 8 11 13 15 16
2 5 6 7 9 10 12 14
1 3 5 6 7 9 10 14
2 4 8 11 12 13 15 16
1 3 5 6 7 10 11 15
2 4 8 9 12 13 14 16
1 3 5 6 7 10 12 13
2 4 8 9 11 14 15 16
1 3 5 6 7 10 12 16
2 4 8 9 11 13 14 15
1 3 5 6 7 10 13 16
2 4 8 9 11 12 14 15
1 3 5 6 9 10 12 14
2 4 7 8 11 13 15 16
1 3 5 6 9 10 13 14
2 4 7 8 11 12 15 16
1 3 5 6 9 10 14 16
2 4 7 8 11 12 13 15
1 3 5 6 10 11 12 15
2 4 7 8 9 13 14 16
1 3 5 6 10 11 13 15
2 4 7 8 9 12 14 16
1 3 5 6 10 11 15 16
2 4 7 8 9 12 13 14
1 3 5 6 10 12 13 16
2 4 7 8 9 11 14 15
1 3 5 7 9 10 12 14
2 4 6 8 11 13 15 16
1 3 5 7 9 10 13 14
2 4 6 8 11 12 15 16
1 3 5 7 9 10 14 16
2 4 6 8 11 12 13 15
1 3 5 7 10 11 12 15
2 4 6 8 9 13 14 16
1 3 5 7 10 11 13 15
2 4 6 8 9 12 14 16
1 3 5 7 10 11 15 16
2 4 6 8 9 12 13 14
1 3 5 7 10 12 13 16
2 4 6 8 9 11 14 15
1 3 5 9 10 11 14 15
2 4 6 7 8 12 13 16
1 3 5 9 10 12 13 14
2 4 6 7 8 11 15 16
1 3 5 9 10 12 14 16
2 4 6 7 8 11 13 15
1 3 5 9 10 13 14 16
2 4 6 7 8 11 12 15
1 3 5 10 11 12 13 15
2 4 6 7 8 9 14 16
1 3 5 10 11 12 15 16
2 4 6 7 8 9 13 14
1 3 5 10 11 13 15 16
2 4 6 7 8 9 12 14
1 3 6 7 9 11 14 15
2 4 5 8 10 12 13 16
1 3 6 7 9 12 13 14
2 4 5 8 10 11 15 16
1 3 6 7 9 12 14 16
2 4 5 8 10 11 13 15
1 3 6 7 9 13 14 16
2 4 5 8 10 11 12 15
1 3 6 7 11 12 13 15
2 4 5 8 9 10 14 16
1 3 6 7 11 12 15 16
2 4 5 8 9 10 13 14
1 3 6 7 11 13 15 16
2 4 5 8 9 10 12 14
1 3 6 9 11 12 14 15
2 4 5 7 8 10 13 16
1 3 6 9 11 13 14 15
2 4 5 7 8 10 12 16
1 3 6 9 11 14 15 16
2 4 5 7 8 10 12 13
1 3 6 9 12 13 14 16
2 4 5 7 8 10 11 15
1 3 6 11 12 13 15 16
2 4 5 7 8 9 10 14
1 3 7 9 11 12 14 15
2 4 5 6 8 10 13 16
1 3 7 9 11 13 14 15
2 4 5 6 8 10 12 16
1 3 7 9 11 14 15 16
2 4 5 6 8 10 12 13
1 3 7 9 12 13 14 16
2 4 5 6 8 10 11 15
1 3 7 11 12 13 15 16
2 4 5 6 8 9 10 14
1 3 9 11 12 13 14 15
2 4 5 6 7 8 10 16
1 3 9 11 12 14 15 16
2 4 5 6 7 8 10 13
1 3 9 11 13 14 15 16
2 4 5 6 7 8 10 12
1 4 5 6 7 8 10 12
2 3 9 11 13 14 15 16
1 4 5 6 7 8 10 13
2 3 9 11 12 14 15 16
1 4 5 6 7 8 10 16
2 3 9 11 12 13 14 15
1 4 5 6 8 9 10 14
2 3 7 11 12 13 15 16
1 4 5 6 8 10 11 15
2 3 7 9 12 13 14 16
1 4 5 6 8 10 12 13
2 3 7 9 11 14 15 16
1 4 5 6 8 10 12 16
2 3 7 9 11 13 14 15
1 4 5 6 8 10 13 16
2 3 7 9 11 12 14 15
1 4 5 7 8 9 10 14
2 3 6 11 12 13 15 16
1 4 5 7 8 10 11 15
2 3 6 9 12 13 14 16
1 4 5 7 8 10 12 13
2 3 6 9 11 14 15 16
1 4 5 7 8 10 12 16
2 3 6 9 11 13 14 15
1 4 5 7 8 10 13 16
2 3 6 9 11 12 14 15
1 4 5 8 9 10 12 14
2 3 6 7 11 13 15 16
1 4 5 8 9 10 13 14
2 3 6 7 11 12 15 16
1 4 5 8 9 10 14 16
2 3 6 7 11 12 13 15
1 4 5 8 10 11 12 15
2 3 6 7 9 13 14 16
1 4 5 8 10 11 13 15
2 3 6 7 9 12 14 16
1 4 5 8 10 11 15 16
2 3 6 7 9 12 13 14
1 4 5 8 10 12 13 16
2 3 6 7 9 11 14 15
1 4 6 7 8 9 12 14
2 3 5 10 11 13 15 16
1 4 6 7 8 9 13 14
2 3 5 10 11 12 15 16
1 4 6 7 8 9 14 16
2 3 5 10 11 12 13 15
1 4 6 7 8 11 12 15
2 3 5 9 10 13 14 16
1 4 6 7 8 11 13 15
2 3 5 9 10 12 14 16
1 4 6 7 8 11 15 16
2 3 5 9 10 12 13 14
1 4 6 7 8 12 13 16
2 3 5 9 10 11 14 15
1 4 6 8 9 11 14 15
2 3 5 7 10 12 13 16
1 4 6 8 9 12 13 14
2 3 5 7 10 11 15 16
1 4 6 8 9 12 14 16
2 3 5 7 10 11 13 15
1 4 6 8 9 13 14 16
2 3 5 7 10 11 12 15
1 4 6 8 11 12 13 15
2 3 5 7 9 10 14 16
1 4 6 8 11 12 15 16
2 3 5 7 9 10 13 14
1 4 6 8 11 13 15 16
2 3 5 7 9 10 12 14
1 4 7 8 9 11 14 15
2 3 5 6 10 12 13 16
1 4 7 8 9 12 13 14
2 3 5 6 10 11 15 16
1 4 7 8 9 12 14 16
2 3 5 6 10 11 13 15
1 4 7 8 9 13 14 16
2 3 5 6 10 11 12 15
1 4 7 8 11 12 13 15
2 3 5 6 9 10 14 16
1 4 7 8 11 12 15 16
2 3 5 6 9 10 13 14
1 4 7 8 11 13 15 16
2 3 5 6 9 10 12 14
1 4 8 9 11 12 14 15
2 3 5 6 7 10 13 16
1 4 8 9 11 13 14 15
2 3 5 6 7 10 12 16
1 4 8 9 11 14 15 16
2 3 5 6 7 10 12 13
1 4 8 9 12 13 14 16
2 3 5 6 7 10 11 15
1 4 8 11 12 13 15 16
2 3 5 6 7 9 10 14
1 5 6 7 9 10 12 14
2 3 4 8 11 13 15 16
1 5 6 7 9 10 13 14
2 3 4 8 11 12 15 16
1 5 6 7 9 10 14 16
2 3 4 8 11 12 13 15
1 5 6 7 10 11 12 15
2 3 4 8 9 13 14 16
1 5 6 7 10 11 13 15
2 3 4 8 9 12 14 16
1 5 6 7 10 11 15 16
2 3 4 8 9 12 13 14
1 5 6 7 10 12 13 16
2 3 4 8 9 11 14 15
1 5 6 9 10 11 14 15
2 3 4 7 8 12 13 16
1 5 6 9 10 12 13 14
2 3 4 7 8 11 15 16
1 5 6 9 10 12 14 16
2 3 4 7 8 11 13 15
1 5 6 9 10 13 14 16
2 3 4 7 8 11 12 15
1 5 6 10 11 12 13 15
2 3 4 7 8 9 14 16
1 5 6 10 11 12 15 16
2 3 4 7 8 9 13 14
1 5 6 10 11 13 15 16
2 3 4 7 8 9 12 14
1 5 7 9 10 11 14 15
2 3 4 6 8 12 13 16
1 5 7 9 10 12 13 14
2 3 4 6 8 11 15 16
1 5 7 9 10 12 14 16
2 3 4 6 8 11 13 15
1 5 7 9 10 13 14 16
2 3 4 6 8 11 12 15
1 5 7 10 11 12 13 15
2 3 4 6 8 9 14 16
1 5 7 10 11 12 15 16
2 3 4 6 8 9 13 14
1 5 7 10 11 13 15 16
2 3 4 6 8 9 12 14
1 5 9 10 11 12 14 15
2 3 4 6 7 8 13 16
1 5 9 10 11 13 14 15
2 3 4 6 7 8 12 16
1 5 9 10 11 14 15 16
2 3 4 6 7 8 12 13
1 5 9 10 12 13 14 16
2 3 4 6 7 8 11 15
1 5 10 11 12 13 15 16
2 3 4 6 7 8 9 14
1 6 7 9 11 12 14 15
2 3 4 5 8 10 13 16
1 6 7 9 11 13 14 15
2 3 4 5 8 10 12 16
1 6 7 9 11 14 15 16
2 3 4 5 8 10 12 13
1 6 7 9 12 13 14 16
2 3 4 5 8 10 11 15
1 6 7 11 12 13 15 16
2 3 4 5 8 9 10 14
1 6 9 11 12 13 14 15
2 3 4 5 7 8 10 16
1 6 9 11 12 14 15 16
2 3 4 5 7 8 10 13
1 6 9 11 13 14 15 16
2 3 4 5 7 8 10 12
1 7 9 11 12 13 14 15
2 3 4 5 6 8 10 16
1 7 9 11 12 14 15 16
2 3 4 5 6 8 10 13
1 7 9 11 13 14 15 16
2 3 4 5 6 8 10 12
1 9 11 12 13 14 15 16
2 3 4 5 6 7 8 10
