2.000000
1 2 3 4 5 9 13 15 17
6 7 8 10 11 12 14 16 18
1 2 3 4 5 12 13 15 17
6 7 8 9 10 11 14 16 18
1 2 3 4 5 13 15 17 18
6 7 8 9 10 11 12 14 16
1 2 3 4 8 13 14 15 17
5 6 7 9 10 11 12 16 18
1 2 3 4 9 12 13 15 17
5 6 7 8 10 11 14 16 18
1 2 3 4 9 13 15 17 18
5 6 7 8 10 11 12 14 16
1 2 3 4 12 13 15 17 18
5 6 7 8 9 10 11 14 16
1 2 4 5 8 9 14 15 17
3 6 7 10 11 12 13 16 18
1 2 4 5 8 12 14 15 17
3 6 7 9 10 11 13 16 18
1 2 4 5 8 14 15 17 18
3 6 7 9 10 11 12 13 16
1 2 4 5 9 12 15 17 18
3 6 7 8 10 11 13 14 16
1 2 4 8 9 12 14 15 17
3 5 6 7 10 11 13 16 18
1 2 4 8 9 14 15 17 18
3 5 6 7 10 11 12 13 16
1 2 4 8 12 14 15 17 18
3 5 6 7 9 10 11 13 16
