1.414214
1 2 3 4 7 8 9 12
5 6 10 11 13 14 15 16
1 2 3 4 7 9 11 16
5 6 8 10 12 13 14 15
1 2 3 4 8 9 11 16
5 6 7 10 12 13 14 15
1 2 3 4 9 11 12 16
5 6 7 8 10 13 14 15
1 2 3 7 8 9 11 16
4 5 6 10 12 13 14 15
1 2 3 7 9 11 12 16
4 5 6 8 10 13 14 15
1 2 3 8 9 11 12 16
4 5 6 7 10 13 14 15
1 2 4 7 8 9 11 16
3 5 6 10 12 13 14 15
1 2 4 7 9 11 12 16
3 5 6 8 10 13 14 15
1 2 4 8 9 11 12 16
3 5 6 7 10 13 14 15
1 2 7 8 9 11 12 16
3 4 5 6 10 13 14 15
1 3 4 7 8 11 12 16
2 5 6 9 10 13 14 15
1 3 5 6 10 13 14 15
2 4 7 8 9 11 12 16
1 4 5 6 10 13 14 15
2 3 7 8 9 11 12 16
1 5 6 7 10 13 14 15
2 3 4 8 9 11 12 16
1 5 6 8 10 13 14 15
2 3 4 7 9 11 12 16
1 5 6 10 12 13 14 15
2 3 4 7 8 9 11 16
