2.236068
1 2 3 4 5 6 9 14 17 18
7 8 10 11 12 13 15 16 19 20
1 2 3 4 5 6 9 17 18 20
7 8 10 11 12 13 14 15 16 19
1 2 3 4 6 8 9 13 17 18
5 7 10 11 12 14 15 16 19 20
1 2 3 4 6 9 11 12 17 18
5 7 8 10 13 14 15 16 19 20
1 2 3 4 6 9 14 17 18 20
5 7 8 10 11 12 13 15 16 19
1 4 5 8 9 11 12 13 17 18
2 3 6 7 10 14 15 16 19 20
1 4 5 8 9 13 14 17 18 20
2 3 6 7 10 11 12 15 16 19
1 4 5 9 11 12 14 17 18 20
2 3 6 7 8 10 13 15 16 19
1 4 7 9 10 15 16 17 18 19
2 3 5 6 8 11 12 13 14 20
1 4 8 9 11 12 13 14 17 18
2 3 5 6 7 10 15 16 19 20
1 4 8 9 11 12 13 17 18 20
2 3 5 6 7 10 14 15 16 19
