2.236068
1 2 3 5 7 8 11 12 13 16
4 6 9 10 14 15 17 18 19 20
1 2 3 5 7 9 11 12 13 16
4 6 8 10 14 15 17 18 19 20
1 2 3 5 7 11 12 13 15 16
4 6 8 9 10 14 17 18 19 20
1 2 3 5 7 11 12 13 16 20
4 6 8 9 10 14 15 17 18 19
1 2 3 7 8 9 11 12 13 16
4 5 6 10 14 15 17 18 19 20
1 2 3 7 8 11 12 13 15 16
4 5 6 9 10 14 17 18 19 20
1 2 3 7 8 11 12 13 16 20
4 5 6 9 10 14 15 17 18 19
1 2 3 7 9 11 12 13 15 16
4 5 6 8 10 14 17 18 19 20
1 2 3 7 9 11 12 13 16 20
4 5 6 8 10 14 15 17 18 19
1 2 3 7 10 11 12 13 16 18
4 5 6 8 9 14 15 17 19 20
1 2 3 7 11 12 13 15 16 20
4 5 6 8 9 10 14 17 18 19
1 4 5 6 8 9 14 16 17 19
2 3 7 10 11 12 13 15 18 20
1 4 5 6 8 14 15 16 17 19
2 3 7 9 10 11 12 13 18 20
1 4 5 6 8 14 16 17 19 20
2 3 7 9 10 11 12 13 15 18
1 4 5 6 9 14 15 16 17 19
2 3 7 8 10 11 12 13 18 20
1 4 5 6 9 14 16 17 19 20
2 3 7 8 10 11 12 13 15 18
1 4 5 6 10 14 16 17 18 19
2 3 7 8 9 11 12 13 15 20
1 4 5 6 14 15 16 17 19 20
2 3 7 8 9 10 11 12 13 18
1 4 6 8 9 14 15 16 17 19
2 3 5 7 10 11 12 13 18 20
1 4 6 8 9 14 16 17 19 20
2 3 5 7 10 11 12 13 15 18
1 4 6 8 10 14 16 17 18 19
2 3 5 7 9 11 12 13 15 20
1 4 6 8 14 15 16 17 19 20
2 3 5 7 9 10 11 12 13 18
1 4 6 9 10 14 16 17 18 19
2 3 5 7 8 11 12 13 15 20
1 4 6 9 14 15 16 17 19 20
2 3 5 7 8 10 11 12 13 18
1 4 6 10 14 15 16 17 18 19
2 3 5 7 8 9 11 12 13 20
1 4 6 10 14 16 17 18 19 20
2 3 5 7 8 9 11 12 13 15
