2.000000
1 2 3 4 5 6 8 9 10 20
7 11 12 13 14 15 16 17 18 19
1 2 3 4 5 6 8 10 11 20
7 9 12 13 14 15 16 17 18 19
1 2 3 4 5 6 8 10 14 20
7 9 11 12 13 15 16 17 18 19
1 2 3 4 5 6 8 10 16 20
7 9 11 12 13 14 15 17 18 19
1 2 3 4 5 6 8 10 19 20
7 9 11 12 13 14 15 16 17 18
1 2 3 4 5 6 9 10 11 20
7 8 12 13 14 15 16 17 18 19
1 2 3 4 5 6 9 10 14 20
7 8 11 12 13 15 16 17 18 19
1 2 3 4 5 6 9 10 16 20
7 8 11 12 13 14 15 17 18 19
1 2 3 4 5 6 9 10 19 20
7 8 11 12 13 14 15 16 17 18
1 2 3 4 5 6 10 11 14 20
7 8 9 12 13 15 16 17 18 19
1 2 3 4 5 6 10 11 16 20
7 8 9 12 13 14 15 17 18 19
1 2 3 4 5 6 10 11 19 20
7 8 9 12 13 14 15 16 17 18
1 2 3 4 5 6 10 13 18 20
7 8 9 11 12 14 15 16 17 19
1 2 3 4 5 6 10 14 16 20
7 8 9 11 12 13 15 17 18 19
1 2 3 4 5 6 10 14 19 20
7 8 9 11 12 13 15 16 17 18
1 2 3 4 5 6 10 16 19 20
7 8 9 11 12 13 14 15 17 18
1 2 3 4 6 8 9 10 11 20
5 7 12 13 14 15 16 17 18 19
1 2 3 4 6 8 9 10 14 20
5 7 11 12 13 15 16 17 18 19
1 2 3 4 6 8 9 10 16 20
5 7 11 12 13 14 15 17 18 19
1 2 3 4 6 8 9 10 19 20
5 7 11 12 13 14 15 16 17 18
1 2 3 4 6 8 10 11 14 20
5 7 9 12 13 15 16 17 18 19
1 2 3 4 6 8 10 11 16 20
5 7 9 12 13 14 15 17 18 19
1 2 3 4 6 8 10 11 19 20
5 7 9 12 13 14 15 16 17 18
1 2 3 4 6 8 10 13 18 20
5 7 9 11 12 14 15 16 17 19
1 2 3 4 6 8 10 14 16 20
5 7 9 11 12 13 15 17 18 19
1 2 3 4 6 8 10 14 19 20
5 7 9 11 12 13 15 16 17 18
1 2 3 4 6 8 10 16 19 20
5 7 9 11 12 13 14 15 17 18
1 2 3 4 6 9 10 11 14 20
5 7 8 12 13 15 16 17 18 19
1 2 3 4 6 9 10 11 16 20
5 7 8 12 13 14 15 17 18 19
1 2 3 4 6 9 10 11 19 20
5 7 8 12 13 14 15 16 17 18
1 2 3 4 6 9 10 13 18 20
5 7 8 11 12 14 15 16 17 19
1 2 3 4 6 9 10 14 16 20
5 7 8 11 12 13 15 17 18 19
1 2 3 4 6 9 10 14 19 20
5 7 8 11 12 13 15 16 17 18
1 2 3 4 6 9 10 16 19 20
5 7 8 11 12 13 14 15 17 18
1 2 3 4 6 10 11 13 18 20
5 7 8 9 12 14 15 16 17 19
1 2 3 4 6 10 11 14 16 20
5 7 8 9 12 13 15 17 18 19
1 2 3 4 6 10 11 14 19 20
5 7 8 9 12 13 15 16 17 18
1 2 3 4 6 10 11 16 19 20
5 7 8 9 12 13 14 15 17 18
1 2 3 4 6 10 13 14 18 20
5 7 8 9 11 12 15 16 17 19
1 2 3 4 6 10 13 16 18 20
5 7 8 9 11 12 14 15 17 19
1 2 3 4 6 10 13 18 19 20
5 7 8 9 11 12 14 15 16 17
1 2 3 4 6 10 14 16 19 20
5 7 8 9 11 12 13 15 17 18
1 2 3 5 6 7 10 12 15 17
4 8 9 11 13 14 16 18 19 20
1 2 3 5 6 8 9 10 11 14
4 7 12 13 15 16 17 18 19 20
1 2 3 5 6 8 9 10 11 16
4 7 12 13 14 15 17 18 19 20
1 2 3 5 6 8 9 10 11 19
4 7 12 13 14 15 16 17 18 20
1 2 3 5 6 8 9 10 13 18
4 7 11 12 14 15 16 17 19 20
1 2 3 5 6 8 9 10 14 16
4 7 11 12 13 15 17 18 19 20
1 2 3 5 6 8 9 10 14 19
4 7 11 12 13 15 16 17 18 20
1 2 3 5 6 8 9 10 16 19
4 7 11 12 13 14 15 17 18 20
1 2 3 5 6 8 10 11 13 18
4 7 9 12 14 15 16 17 19 20
1 2 3 5 6 8 10 11 14 16
4 7 9 12 13 15 17 18 19 20
1 2 3 5 6 8 10 11 14 19
4 7 9 12 13 15 16 17 18 20
1 2 3 5 6 8 10 11 16 19
4 7 9 12 13 14 15 17 18 20
1 2 3 5 6 8 10 13 14 18
4 7 9 11 12 15 16 17 19 20
1 2 3 5 6 8 10 13 16 18
4 7 9 11 12 14 15 17 19 20
1 2 3 5 6 8 10 13 18 19
4 7 9 11 12 14 15 16 17 20
1 2 3 5 6 8 10 14 16 19
4 7 9 11 12 13 15 17 18 20
1 2 3 5 6 9 10 11 13 18
4 7 8 12 14 15 16 17 19 20
1 2 3 5 6 9 10 11 14 16
4 7 8 12 13 15 17 18 19 20
1 2 3 5 6 9 10 11 14 19
4 7 8 12 13 15 16 17 18 20
1 2 3 5 6 9 10 11 16 19
4 7 8 12 13 14 15 17 18 20
1 2 3 5 6 9 10 13 14 18
4 7 8 11 12 15 16 17 19 20
1 2 3 5 6 9 10 13 16 18
4 7 8 11 12 14 15 17 19 20
1 2 3 5 6 9 10 13 18 19
4 7 8 11 12 14 15 16 17 20
1 2 3 5 6 9 10 14 16 19
4 7 8 11 12 13 15 17 18 20
1 2 3 5 6 10 11 13 14 18
4 7 8 9 12 15 16 17 19 20
1 2 3 5 6 10 11 13 16 18
4 7 8 9 12 14 15 17 19 20
1 2 3 5 6 10 11 13 18 19
4 7 8 9 12 14 15 16 17 20
1 2 3 5 6 10 11 14 16 19
4 7 8 9 12 13 15 17 18 20
1 2 3 5 6 10 13 14 16 18
4 7 8 9 11 12 15 17 19 20
1 2 3 5 6 10 13 14 18 19
4 7 8 9 11 12 15 16 17 20
1 2 3 5 6 10 13 16 18 19
4 7 8 9 11 12 14 15 17 20
1 2 3 6 7 8 10 12 15 17
4 5 9 11 13 14 16 18 19 20
1 2 3 6 7 9 10 12 15 17
4 5 8 11 13 14 16 18 19 20
1 2 3 6 7 10 11 12 15 17
4 5 8 9 13 14 16 18 19 20
1 2 3 6 7 10 12 14 15 17
4 5 8 9 11 13 16 18 19 20
1 2 3 6 7 10 12 15 16 17
4 5 8 9 11 13 14 18 19 20
1 2 3 6 7 10 12 15 17 19
4 5 8 9 11 13 14 16 18 20
1 2 3 6 8 9 10 11 13 18
4 5 7 12 14 15 16 17 19 20
1 2 3 6 8 9 10 11 14 16
4 5 7 12 13 15 17 18 19 20
1 2 3 6 8 9 10 11 14 19
4 5 7 12 13 15 16 17 18 20
1 2 3 6 8 9 10 11 16 19
4 5 7 12 13 14 15 17 18 20
1 2 3 6 8 9 10 13 14 18
4 5 7 11 12 15 16 17 19 20
1 2 3 6 8 9 10 13 16 18
4 5 7 11 12 14 15 17 19 20
1 2 3 6 8 9 10 13 18 19
4 5 7 11 12 14 15 16 17 20
1 2 3 6 8 9 10 14 16 19
4 5 7 11 12 13 15 17 18 20
1 2 3 6 8 10 11 13 14 18
4 5 7 9 12 15 16 17 19 20
1 2 3 6 8 10 11 13 16 18
4 5 7 9 12 14 15 17 19 20
1 2 3 6 8 10 11 13 18 19
4 5 7 9 12 14 15 16 17 20
1 2 3 6 8 10 11 14 16 19
4 5 7 9 12 13 15 17 18 20
1 2 3 6 8 10 13 14 16 18
4 5 7 9 11 12 15 17 19 20
1 2 3 6 8 10 13 14 18 19
4 5 7 9 11 12 15 16 17 20
1 2 3 6 8 10 13 16 18 19
4 5 7 9 11 12 14 15 17 20
1 2 3 6 9 10 11 13 14 18
4 5 7 8 12 15 16 17 19 20
1 2 3 6 9 10 11 13 16 18
4 5 7 8 12 14 15 17 19 20
1 2 3 6 9 10 11 13 18 19
4 5 7 8 12 14 15 16 17 20
1 2 3 6 9 10 11 14 16 19
4 5 7 8 12 13 15 17 18 20
1 2 3 6 9 10 13 14 16 18
4 5 7 8 11 12 15 17 19 20
1 2 3 6 9 10 13 14 18 19
4 5 7 8 11 12 15 16 17 20
1 2 3 6 9 10 13 16 18 19
4 5 7 8 11 12 14 15 17 20
1 2 3 6 10 11 13 14 16 18
4 5 7 8 9 12 15 17 19 20
1 2 3 6 10 11 13 14 18 19
4 5 7 8 9 12 15 16 17 20
1 2 3 6 10 11 13 16 18 19
4 5 7 8 9 12 14 15 17 20
1 2 3 6 10 13 14 16 18 19
4 5 7 8 9 11 12 15 17 20
1 2 4 5 6 8 9 10 11 20
3 7 12 13 14 15 16 17 18 19
1 2 4 5 6 8 9 10 14 20
3 7 11 12 13 15 16 17 18 19
1 2 4 5 6 8 9 10 16 20
3 7 11 12 13 14 15 17 18 19
1 2 4 5 6 8 9 10 19 20
3 7 11 12 13 14 15 16 17 18
1 2 4 5 6 8 10 11 14 20
3 7 9 12 13 15 16 17 18 19
1 2 4 5 6 8 10 11 16 20
3 7 9 12 13 14 15 17 18 19
1 2 4 5 6 8 10 11 19 20
3 7 9 12 13 14 15 16 17 18
1 2 4 5 6 8 10 13 18 20
3 7 9 11 12 14 15 16 17 19
1 2 4 5 6 8 10 14 16 20
3 7 9 11 12 13 15 17 18 19
1 2 4 5 6 8 10 14 19 20
3 7 9 11 12 13 15 16 17 18
1 2 4 5 6 8 10 16 19 20
3 7 9 11 12 13 14 15 17 18
1 2 4 5 6 9 10 11 14 20
3 7 8 12 13 15 16 17 18 19
1 2 4 5 6 9 10 11 16 20
3 7 8 12 13 14 15 17 18 19
1 2 4 5 6 9 10 11 19 20
3 7 8 12 13 14 15 16 17 18
1 2 4 5 6 9 10 13 18 20
3 7 8 11 12 14 15 16 17 19
1 2 4 5 6 9 10 14 16 20
3 7 8 11 12 13 15 17 18 19
1 2 4 5 6 9 10 14 19 20
3 7 8 11 12 13 15 16 17 18
1 2 4 5 6 9 10 16 19 20
3 7 8 11 12 13 14 15 17 18
1 2 4 5 6 10 11 13 18 20
3 7 8 9 12 14 15 16 17 19
1 2 4 5 6 10 11 14 16 20
3 7 8 9 12 13 15 17 18 19
1 2 4 5 6 10 11 14 19 20
3 7 8 9 12 13 15 16 17 18
1 2 4 5 6 10 11 16 19 20
3 7 8 9 12 13 14 15 17 18
1 2 4 5 6 10 13 14 18 20
3 7 8 9 11 12 15 16 17 19
1 2 4 5 6 10 13 16 18 20
3 7 8 9 11 12 14 15 17 19
1 2 4 5 6 10 13 18 19 20
3 7 8 9 11 12 14 15 16 17
1 2 4 5 6 10 14 16 19 20
3 7 8 9 11 12 13 15 17 18
1 2 4 6 7 10 12 15 17 20
3 5 8 9 11 13 14 16 18 19
1 2 4 6 8 9 10 11 14 20
3 5 7 12 13 15 16 17 18 19
1 2 4 6 8 9 10 11 16 20
3 5 7 12 13 14 15 17 18 19
1 2 4 6 8 9 10 11 19 20
3 5 7 12 13 14 15 16 17 18
1 2 4 6 8 9 10 13 18 20
3 5 7 11 12 14 15 16 17 19
1 2 4 6 8 9 10 14 16 20
3 5 7 11 12 13 15 17 18 19
1 2 4 6 8 9 10 14 19 20
3 5 7 11 12 13 15 16 17 18
1 2 4 6 8 9 10 16 19 20
3 5 7 11 12 13 14 15 17 18
1 2 4 6 8 10 11 13 18 20
3 5 7 9 12 14 15 16 17 19
1 2 4 6 8 10 11 14 16 20
3 5 7 9 12 13 15 17 18 19
1 2 4 6 8 10 11 14 19 20
3 5 7 9 12 13 15 16 17 18
1 2 4 6 8 10 11 16 19 20
3 5 7 9 12 13 14 15 17 18
1 2 4 6 8 10 13 14 18 20
3 5 7 9 11 12 15 16 17 19
1 2 4 6 8 10 13 16 18 20
3 5 7 9 11 12 14 15 17 19
1 2 4 6 8 10 13 18 19 20
3 5 7 9 11 12 14 15 16 17
1 2 4 6 8 10 14 16 19 20
3 5 7 9 11 12 13 15 17 18
1 2 4 6 9 10 11 13 18 20
3 5 7 8 12 14 15 16 17 19
1 2 4 6 9 10 11 14 16 20
3 5 7 8 12 13 15 17 18 19
1 2 4 6 9 10 11 14 19 20
3 5 7 8 12 13 15 16 17 18
1 2 4 6 9 10 11 16 19 20
3 5 7 8 12 13 14 15 17 18
1 2 4 6 9 10 13 14 18 20
3 5 7 8 11 12 15 16 17 19
1 2 4 6 9 10 13 16 18 20
3 5 7 8 11 12 14 15 17 19
1 2 4 6 9 10 13 18 19 20
3 5 7 8 11 12 14 15 16 17
1 2 4 6 9 10 14 16 19 20
3 5 7 8 11 12 13 15 17 18
1 2 4 6 10 11 13 14 18 20
3 5 7 8 9 12 15 16 17 19
1 2 4 6 10 11 13 16 18 20
3 5 7 8 9 12 14 15 17 19
1 2 4 6 10 11 13 18 19 20
3 5 7 8 9 12 14 15 16 17
1 2 4 6 10 11 14 16 19 20
3 5 7 8 9 12 13 15 17 18
1 2 4 6 10 13 14 16 18 20
3 5 7 8 9 11 12 15 17 19
1 2 4 6 10 13 14 18 19 20
3 5 7 8 9 11 12 15 16 17
1 2 4 6 10 13 16 18 19 20
3 5 7 8 9 11 12 14 15 17
1 2 5 6 7 8 10 12 15 17
3 4 9 11 13 14 16 18 19 20
1 2 5 6 7 9 10 12 15 17
3 4 8 11 13 14 16 18 19 20
1 2 5 6 7 10 11 12 15 17
3 4 8 9 13 14 16 18 19 20
1 2 5 6 7 10 12 14 15 17
3 4 8 9 11 13 16 18 19 20
1 2 5 6 7 10 12 15 16 17
3 4 8 9 11 13 14 18 19 20
1 2 5 6 7 10 12 15 17 19
3 4 8 9 11 13 14 16 18 20
1 2 5 6 8 9 10 11 13 18
3 4 7 12 14 15 16 17 19 20
1 2 5 6 8 9 10 11 14 16
3 4 7 12 13 15 17 18 19 20
1 2 5 6 8 9 10 11 14 19
3 4 7 12 13 15 16 17 18 20
1 2 5 6 8 9 10 11 16 19
3 4 7 12 13 14 15 17 18 20
1 2 5 6 8 9 10 13 14 18
3 4 7 11 12 15 16 17 19 20
1 2 5 6 8 9 10 13 16 18
3 4 7 11 12 14 15 17 19 20
1 2 5 6 8 9 10 13 18 19
3 4 7 11 12 14 15 16 17 20
1 2 5 6 8 9 10 14 16 19
3 4 7 11 12 13 15 17 18 20
1 2 5 6 8 10 11 13 14 18
3 4 7 9 12 15 16 17 19 20
1 2 5 6 8 10 11 13 16 18
3 4 7 9 12 14 15 17 19 20
1 2 5 6 8 10 11 13 18 19
3 4 7 9 12 14 15 16 17 20
1 2 5 6 8 10 11 14 16 19
3 4 7 9 12 13 15 17 18 20
1 2 5 6 8 10 13 14 16 18
3 4 7 9 11 12 15 17 19 20
1 2 5 6 8 10 13 14 18 19
3 4 7 9 11 12 15 16 17 20
1 2 5 6 8 10 13 16 18 19
3 4 7 9 11 12 14 15 17 20
1 2 5 6 9 10 11 13 14 18
3 4 7 8 12 15 16 17 19 20
1 2 5 6 9 10 11 13 16 18
3 4 7 8 12 14 15 17 19 20
1 2 5 6 9 10 11 13 18 19
3 4 7 8 12 14 15 16 17 20
1 2 5 6 9 10 11 14 16 19
3 4 7 8 12 13 15 17 18 20
1 2 5 6 9 10 13 14 16 18
3 4 7 8 11 12 15 17 19 20
1 2 5 6 9 10 13 14 18 19
3 4 7 8 11 12 15 16 17 20
1 2 5 6 9 10 13 16 18 19
3 4 7 8 11 12 14 15 17 20
1 2 5 6 10 11 13 14 16 18
3 4 7 8 9 12 15 17 19 20
1 2 5 6 10 11 13 14 18 19
3 4 7 8 9 12 15 16 17 20
1 2 5 6 10 11 13 16 18 19
3 4 7 8 9 12 14 15 17 20
1 2 5 6 10 13 14 16 18 19
3 4 7 8 9 11 12 15 17 20
1 2 6 7 8 9 10 12 15 17
3 4 5 11 13 14 16 18 19 20
1 2 6 7 8 10 11 12 15 17
3 4 5 9 13 14 16 18 19 20
1 2 6 7 8 10 12 14 15 17
3 4 5 9 11 13 16 18 19 20
1 2 6 7 8 10 12 15 16 17
3 4 5 9 11 13 14 18 19 20
1 2 6 7 8 10 12 15 17 19
3 4 5 9 11 13 14 16 18 20
1 2 6 7 9 10 11 12 15 17
3 4 5 8 13 14 16 18 19 20
1 2 6 7 9 10 12 14 15 17
3 4 5 8 11 13 16 18 19 20
1 2 6 7 9 10 12 15 16 17
3 4 5 8 11 13 14 18 19 20
1 2 6 7 9 10 12 15 17 19
3 4 5 8 11 13 14 16 18 20
1 2 6 7 10 11 12 14 15 17
3 4 5 8 9 13 16 18 19 20
1 2 6 7 10 11 12 15 16 17
3 4 5 8 9 13 14 18 19 20
1 2 6 7 10 11 12 15 17 19
3 4 5 8 9 13 14 16 18 20
1 2 6 7 10 12 13 15 17 18
3 4 5 8 9 11 14 16 19 20
1 2 6 7 10 12 14 15 16 17
3 4 5 8 9 11 13 18 19 20
1 2 6 7 10 12 14 15 17 19
3 4 5 8 9 11 13 16 18 20
1 2 6 7 10 12 15 16 17 19
3 4 5 8 9 11 13 14 18 20
1 2 6 8 9 10 11 13 14 18
3 4 5 7 12 15 16 17 19 20
1 2 6 8 9 10 11 13 16 18
3 4 5 7 12 14 15 17 19 20
1 2 6 8 9 10 11 13 18 19
3 4 5 7 12 14 15 16 17 20
1 2 6 8 9 10 11 14 16 19
3 4 5 7 12 13 15 17 18 20
1 2 6 8 9 10 13 14 16 18
3 4 5 7 11 12 15 17 19 20
1 2 6 8 9 10 13 14 18 19
3 4 5 7 11 12 15 16 17 20
1 2 6 8 9 10 13 16 18 19
3 4 5 7 11 12 14 15 17 20
1 2 6 8 10 11 13 14 16 18
3 4 5 7 9 12 15 17 19 20
1 2 6 8 10 11 13 14 18 19
3 4 5 7 9 12 15 16 17 20
1 2 6 8 10 11 13 16 18 19
3 4 5 7 9 12 14 15 17 20
1 2 6 8 10 13 14 16 18 19
3 4 5 7 9 11 12 15 17 20
1 2 6 9 10 11 13 14 16 18
3 4 5 7 8 12 15 17 19 20
1 2 6 9 10 11 13 14 18 19
3 4 5 7 8 12 15 16 17 20
1 2 6 9 10 11 13 16 18 19
3 4 5 7 8 12 14 15 17 20
1 2 6 9 10 13 14 16 18 19
3 4 5 7 8 11 12 15 17 20
1 2 6 10 11 13 14 16 18 19
3 4 5 7 8 9 12 15 17 20
1 3 4 5 6 7 12 15 17 20
2 8 9 10 11 13 14 16 18 19
1 3 4 5 6 8 9 11 14 20
2 7 10 12 13 15 16 17 18 19
1 3 4 5 6 8 9 11 16 20
2 7 10 12 13 14 15 17 18 19
1 3 4 5 6 8 9 11 19 20
2 7 10 12 13 14 15 16 17 18
1 3 4 5 6 8 9 13 18 20
2 7 10 11 12 14 15 16 17 19
1 3 4 5 6 8 9 14 16 20
2 7 10 11 12 13 15 17 18 19
1 3 4 5 6 8 9 14 19 20
2 7 10 11 12 13 15 16 17 18
1 3 4 5 6 8 9 16 19 20
2 7 10 11 12 13 14 15 17 18
1 3 4 5 6 8 11 13 18 20
2 7 9 10 12 14 15 16 17 19
1 3 4 5 6 8 11 14 16 20
2 7 9 10 12 13 15 17 18 19
1 3 4 5 6 8 11 14 19 20
2 7 9 10 12 13 15 16 17 18
1 3 4 5 6 8 11 16 19 20
2 7 9 10 12 13 14 15 17 18
1 3 4 5 6 8 13 14 18 20
2 7 9 10 11 12 15 16 17 19
1 3 4 5 6 8 13 16 18 20
2 7 9 10 11 12 14 15 17 19
1 3 4 5 6 8 13 18 19 20
2 7 9 10 11 12 14 15 16 17
1 3 4 5 6 8 14 16 19 20
2 7 9 10 11 12 13 15 17 18
1 3 4 5 6 9 11 13 18 20
2 7 8 10 12 14 15 16 17 19
1 3 4 5 6 9 11 14 16 20
2 7 8 10 12 13 15 17 18 19
1 3 4 5 6 9 11 14 19 20
2 7 8 10 12 13 15 16 17 18
1 3 4 5 6 9 11 16 19 20
2 7 8 10 12 13 14 15 17 18
1 3 4 5 6 9 13 14 18 20
2 7 8 10 11 12 15 16 17 19
1 3 4 5 6 9 13 16 18 20
2 7 8 10 11 12 14 15 17 19
1 3 4 5 6 9 13 18 19 20
2 7 8 10 11 12 14 15 16 17
1 3 4 5 6 9 14 16 19 20
2 7 8 10 11 12 13 15 17 18
1 3 4 5 6 11 13 14 18 20
2 7 8 9 10 12 15 16 17 19
1 3 4 5 6 11 13 16 18 20
2 7 8 9 10 12 14 15 17 19
1 3 4 5 6 11 13 18 19 20
2 7 8 9 10 12 14 15 16 17
1 3 4 5 6 11 14 16 19 20
2 7 8 9 10 12 13 15 17 18
1 3 4 5 6 13 14 16 18 20
2 7 8 9 10 11 12 15 17 19
1 3 4 5 6 13 14 18 19 20
2 7 8 9 10 11 12 15 16 17
1 3 4 5 6 13 16 18 19 20
2 7 8 9 10 11 12 14 15 17
1 3 4 6 7 8 12 15 17 20
2 5 9 10 11 13 14 16 18 19
1 3 4 6 7 9 12 15 17 20
2 5 8 10 11 13 14 16 18 19
1 3 4 6 7 11 12 15 17 20
2 5 8 9 10 13 14 16 18 19
1 3 4 6 7 12 14 15 17 20
2 5 8 9 10 11 13 16 18 19
1 3 4 6 7 12 15 16 17 20
2 5 8 9 10 11 13 14 18 19
1 3 4 6 7 12 15 17 19 20
2 5 8 9 10 11 13 14 16 18
1 3 4 6 8 9 11 13 18 20
2 5 7 10 12 14 15 16 17 19
1 3 4 6 8 9 11 14 16 20
2 5 7 10 12 13 15 17 18 19
1 3 4 6 8 9 11 14 19 20
2 5 7 10 12 13 15 16 17 18
1 3 4 6 8 9 11 16 19 20
2 5 7 10 12 13 14 15 17 18
1 3 4 6 8 9 13 14 18 20
2 5 7 10 11 12 15 16 17 19
1 3 4 6 8 9 13 16 18 20
2 5 7 10 11 12 14 15 17 19
1 3 4 6 8 9 13 18 19 20
2 5 7 10 11 12 14 15 16 17
1 3 4 6 8 9 14 16 19 20
2 5 7 10 11 12 13 15 17 18
1 3 4 6 8 11 13 14 18 20
2 5 7 9 10 12 15 16 17 19
1 3 4 6 8 11 13 16 18 20
2 5 7 9 10 12 14 15 17 19
1 3 4 6 8 11 13 18 19 20
2 5 7 9 10 12 14 15 16 17
1 3 4 6 8 11 14 16 19 20
2 5 7 9 10 12 13 15 17 18
1 3 4 6 8 13 14 16 18 20
2 5 7 9 10 11 12 15 17 19
1 3 4 6 8 13 14 18 19 20
2 5 7 9 10 11 12 15 16 17
1 3 4 6 8 13 16 18 19 20
2 5 7 9 10 11 12 14 15 17
1 3 4 6 9 11 13 14 18 20
2 5 7 8 10 12 15 16 17 19
1 3 4 6 9 11 13 16 18 20
2 5 7 8 10 12 14 15 17 19
1 3 4 6 9 11 13 18 19 20
2 5 7 8 10 12 14 15 16 17
1 3 4 6 9 11 14 16 19 20
2 5 7 8 10 12 13 15 17 18
1 3 4 6 9 13 14 16 18 20
2 5 7 8 10 11 12 15 17 19
1 3 4 6 9 13 14 18 19 20
2 5 7 8 10 11 12 15 16 17
1 3 4 6 9 13 16 18 19 20
2 5 7 8 10 11 12 14 15 17
1 3 4 6 11 13 14 16 18 20
2 5 7 8 9 10 12 15 17 19
1 3 4 6 11 13 14 18 19 20
2 5 7 8 9 10 12 15 16 17
1 3 4 6 11 13 16 18 19 20
2 5 7 8 9 10 12 14 15 17
1 3 4 6 13 14 16 18 19 20
2 5 7 8 9 10 11 12 15 17
1 3 5 6 7 8 9 12 15 17
2 4 10 11 13 14 16 18 19 20
1 3 5 6 7 8 11 12 15 17
2 4 9 10 13 14 16 18 19 20
1 3 5 6 7 8 12 14 15 17
2 4 9 10 11 13 16 18 19 20
1 3 5 6 7 8 12 15 16 17
2 4 9 10 11 13 14 18 19 20
1 3 5 6 7 8 12 15 17 19
2 4 9 10 11 13 14 16 18 20
1 3 5 6 7 9 11 12 15 17
2 4 8 10 13 14 16 18 19 20
1 3 5 6 7 9 12 14 15 17
2 4 8 10 11 13 16 18 19 20
1 3 5 6 7 9 12 15 16 17
2 4 8 10 11 13 14 18 19 20
1 3 5 6 7 9 12 15 17 19
2 4 8 10 11 13 14 16 18 20
1 3 5 6 7 11 12 14 15 17
2 4 8 9 10 13 16 18 19 20
1 3 5 6 7 11 12 15 16 17
2 4 8 9 10 13 14 18 19 20
1 3 5 6 7 11 12 15 17 19
2 4 8 9 10 13 14 16 18 20
1 3 5 6 7 12 13 15 17 18
2 4 8 9 10 11 14 16 19 20
1 3 5 6 7 12 14 15 16 17
2 4 8 9 10 11 13 18 19 20
1 3 5 6 7 12 14 15 17 19
2 4 8 9 10 11 13 16 18 20
1 3 5 6 7 12 15 16 17 19
2 4 8 9 10 11 13 14 18 20
1 3 5 6 8 9 11 13 14 18
2 4 7 10 12 15 16 17 19 20
1 3 5 6 8 9 11 13 16 18
2 4 7 10 12 14 15 17 19 20
1 3 5 6 8 9 11 13 18 19
2 4 7 10 12 14 15 16 17 20
1 3 5 6 8 9 11 14 16 19
2 4 7 10 12 13 15 17 18 20
1 3 5 6 8 9 13 14 16 18
2 4 7 10 11 12 15 17 19 20
1 3 5 6 8 9 13 14 18 19
2 4 7 10 11 12 15 16 17 20
1 3 5 6 8 9 13 16 18 19
2 4 7 10 11 12 14 15 17 20
1 3 5 6 8 11 13 14 16 18
2 4 7 9 10 12 15 17 19 20
1 3 5 6 8 11 13 14 18 19
2 4 7 9 10 12 15 16 17 20
1 3 5 6 8 11 13 16 18 19
2 4 7 9 10 12 14 15 17 20
1 3 5 6 8 13 14 16 18 19
2 4 7 9 10 11 12 15 17 20
1 3 5 6 9 11 13 14 16 18
2 4 7 8 10 12 15 17 19 20
1 3 5 6 9 11 13 14 18 19
2 4 7 8 10 12 15 16 17 20
1 3 5 6 9 11 13 16 18 19
2 4 7 8 10 12 14 15 17 20
1 3 5 6 9 13 14 16 18 19
2 4 7 8 10 11 12 15 17 20
1 3 5 6 11 13 14 16 18 19
2 4 7 8 9 10 12 15 17 20
1 3 6 7 8 9 11 12 15 17
2 4 5 10 13 14 16 18 19 20
1 3 6 7 8 9 12 14 15 17
2 4 5 10 11 13 16 18 19 20
1 3 6 7 8 9 12 15 16 17
2 4 5 10 11 13 14 18 19 20
1 3 6 7 8 9 12 15 17 19
2 4 5 10 11 13 14 16 18 20
1 3 6 7 8 11 12 14 15 17
2 4 5 9 10 13 16 18 19 20
1 3 6 7 8 11 12 15 16 17
2 4 5 9 10 13 14 18 19 20
1 3 6 7 8 11 12 15 17 19
2 4 5 9 10 13 14 16 18 20
1 3 6 7 8 12 13 15 17 18
2 4 5 9 10 11 14 16 19 20
1 3 6 7 8 12 14 15 16 17
2 4 5 9 10 11 13 18 19 20
1 3 6 7 8 12 14 15 17 19
2 4 5 9 10 11 13 16 18 20
1 3 6 7 8 12 15 16 17 19
2 4 5 9 10 11 13 14 18 20
1 3 6 7 9 11 12 14 15 17
2 4 5 8 10 13 16 18 19 20
1 3 6 7 9 11 12 15 16 17
2 4 5 8 10 13 14 18 19 20
1 3 6 7 9 11 12 15 17 19
2 4 5 8 10 13 14 16 18 20
1 3 6 7 9 12 13 15 17 18
2 4 5 8 10 11 14 16 19 20
1 3 6 7 9 12 14 15 16 17
2 4 5 8 10 11 13 18 19 20
1 3 6 7 9 12 14 15 17 19
2 4 5 8 10 11 13 16 18 20
1 3 6 7 9 12 15 16 17 19
2 4 5 8 10 11 13 14 18 20
1 3 6 7 11 12 13 15 17 18
2 4 5 8 9 10 14 16 19 20
1 3 6 7 11 12 14 15 16 17
2 4 5 8 9 10 13 18 19 20
1 3 6 7 11 12 14 15 17 19
2 4 5 8 9 10 13 16 18 20
1 3 6 7 11 12 15 16 17 19
2 4 5 8 9 10 13 14 18 20
1 3 6 7 12 13 14 15 17 18
2 4 5 8 9 10 11 16 19 20
1 3 6 7 12 13 15 16 17 18
2 4 5 8 9 10 11 14 19 20
1 3 6 7 12 13 15 17 18 19
2 4 5 8 9 10 11 14 16 20
1 3 6 7 12 14 15 16 17 19
2 4 5 8 9 10 11 13 18 20
1 3 6 8 9 11 13 14 16 18
2 4 5 7 10 12 15 17 19 20
1 3 6 8 9 11 13 14 18 19
2 4 5 7 10 12 15 16 17 20
1 3 6 8 9 11 13 16 18 19
2 4 5 7 10 12 14 15 17 20
1 3 6 8 9 13 14 16 18 19
2 4 5 7 10 11 12 15 17 20
1 3 6 8 11 13 14 16 18 19
2 4 5 7 9 10 12 15 17 20
1 3 6 9 11 13 14 16 18 19
2 4 5 7 8 10 12 15 17 20
1 4 5 6 7 8 12 15 17 20
2 3 9 10 11 13 14 16 18 19
1 4 5 6 7 9 12 15 17 20
2 3 8 10 11 13 14 16 18 19
1 4 5 6 7 11 12 15 17 20
2 3 8 9 10 13 14 16 18 19
1 4 5 6 7 12 14 15 17 20
2 3 8 9 10 11 13 16 18 19
1 4 5 6 7 12 15 16 17 20
2 3 8 9 10 11 13 14 18 19
1 4 5 6 7 12 15 17 19 20
2 3 8 9 10 11 13 14 16 18
1 4 5 6 8 9 11 13 18 20
2 3 7 10 12 14 15 16 17 19
1 4 5 6 8 9 11 14 16 20
2 3 7 10 12 13 15 17 18 19
1 4 5 6 8 9 11 14 19 20
2 3 7 10 12 13 15 16 17 18
1 4 5 6 8 9 11 16 19 20
2 3 7 10 12 13 14 15 17 18
1 4 5 6 8 9 13 14 18 20
2 3 7 10 11 12 15 16 17 19
1 4 5 6 8 9 13 16 18 20
2 3 7 10 11 12 14 15 17 19
1 4 5 6 8 9 13 18 19 20
2 3 7 10 11 12 14 15 16 17
1 4 5 6 8 9 14 16 19 20
2 3 7 10 11 12 13 15 17 18
1 4 5 6 8 11 13 14 18 20
2 3 7 9 10 12 15 16 17 19
1 4 5 6 8 11 13 16 18 20
2 3 7 9 10 12 14 15 17 19
1 4 5 6 8 11 13 18 19 20
2 3 7 9 10 12 14 15 16 17
1 4 5 6 8 11 14 16 19 20
2 3 7 9 10 12 13 15 17 18
1 4 5 6 8 13 14 16 18 20
2 3 7 9 10 11 12 15 17 19
1 4 5 6 8 13 14 18 19 20
2 3 7 9 10 11 12 15 16 17
1 4 5 6 8 13 16 18 19 20
2 3 7 9 10 11 12 14 15 17
1 4 5 6 9 11 13 14 18 20
2 3 7 8 10 12 15 16 17 19
1 4 5 6 9 11 13 16 18 20
2 3 7 8 10 12 14 15 17 19
1 4 5 6 9 11 13 18 19 20
2 3 7 8 10 12 14 15 16 17
1 4 5 6 9 11 14 16 19 20
2 3 7 8 10 12 13 15 17 18
1 4 5 6 9 13 14 16 18 20
2 3 7 8 10 11 12 15 17 19
1 4 5 6 9 13 14 18 19 20
2 3 7 8 10 11 12 15 16 17
1 4 5 6 9 13 16 18 19 20
2 3 7 8 10 11 12 14 15 17
1 4 5 6 11 13 14 16 18 20
2 3 7 8 9 10 12 15 17 19
1 4 5 6 11 13 14 18 19 20
2 3 7 8 9 10 12 15 16 17
1 4 5 6 11 13 16 18 19 20
2 3 7 8 9 10 12 14 15 17
1 4 5 6 13 14 16 18 19 20
2 3 7 8 9 10 11 12 15 17
1 4 6 7 8 9 12 15 17 20
2 3 5 10 11 13 14 16 18 19
1 4 6 7 8 11 12 15 17 20
2 3 5 9 10 13 14 16 18 19
1 4 6 7 8 12 14 15 17 20
2 3 5 9 10 11 13 16 18 19
1 4 6 7 8 12 15 16 17 20
2 3 5 9 10 11 13 14 18 19
1 4 6 7 8 12 15 17 19 20
2 3 5 9 10 11 13 14 16 18
1 4 6 7 9 11 12 15 17 20
2 3 5 8 10 13 14 16 18 19
1 4 6 7 9 12 14 15 17 20
2 3 5 8 10 11 13 16 18 19
1 4 6 7 9 12 15 16 17 20
2 3 5 8 10 11 13 14 18 19
1 4 6 7 9 12 15 17 19 20
2 3 5 8 10 11 13 14 16 18
1 4 6 7 11 12 14 15 17 20
2 3 5 8 9 10 13 16 18 19
1 4 6 7 11 12 15 16 17 20
2 3 5 8 9 10 13 14 18 19
1 4 6 7 11 12 15 17 19 20
2 3 5 8 9 10 13 14 16 18
1 4 6 7 12 13 15 17 18 20
2 3 5 8 9 10 11 14 16 19
1 4 6 7 12 14 15 16 17 20
2 3 5 8 9 10 11 13 18 19
1 4 6 7 12 14 15 17 19 20
2 3 5 8 9 10 11 13 16 18
1 4 6 7 12 15 16 17 19 20
2 3 5 8 9 10 11 13 14 18
1 4 6 8 9 11 13 14 18 20
2 3 5 7 10 12 15 16 17 19
1 4 6 8 9 11 13 16 18 20
2 3 5 7 10 12 14 15 17 19
1 4 6 8 9 11 13 18 19 20
2 3 5 7 10 12 14 15 16 17
1 4 6 8 9 11 14 16 19 20
2 3 5 7 10 12 13 15 17 18
1 4 6 8 9 13 14 16 18 20
2 3 5 7 10 11 12 15 17 19
1 4 6 8 9 13 14 18 19 20
2 3 5 7 10 11 12 15 16 17
1 4 6 8 9 13 16 18 19 20
2 3 5 7 10 11 12 14 15 17
1 4 6 8 11 13 14 16 18 20
2 3 5 7 9 10 12 15 17 19
1 4 6 8 11 13 14 18 19 20
2 3 5 7 9 10 12 15 16 17
1 4 6 8 11 13 16 18 19 20
2 3 5 7 9 10 12 14 15 17
1 4 6 8 13 14 16 18 19 20
2 3 5 7 9 10 11 12 15 17
1 4 6 9 11 13 14 16 18 20
2 3 5 7 8 10 12 15 17 19
1 4 6 9 11 13 14 18 19 20
2 3 5 7 8 10 12 15 16 17
1 4 6 9 11 13 16 18 19 20
2 3 5 7 8 10 12 14 15 17
1 4 6 9 13 14 16 18 19 20
2 3 5 7 8 10 11 12 15 17
1 4 6 11 13 14 16 18 19 20
2 3 5 7 8 9 10 12 15 17
1 5 6 7 8 9 11 12 15 17
2 3 4 10 13 14 16 18 19 20
1 5 6 7 8 9 12 14 15 17
2 3 4 10 11 13 16 18 19 20
1 5 6 7 8 9 12 15 16 17
2 3 4 10 11 13 14 18 19 20
1 5 6 7 8 9 12 15 17 19
2 3 4 10 11 13 14 16 18 20
1 5 6 7 8 11 12 14 15 17
2 3 4 9 10 13 16 18 19 20
1 5 6 7 8 11 12 15 16 17
2 3 4 9 10 13 14 18 19 20
1 5 6 7 8 11 12 15 17 19
2 3 4 9 10 13 14 16 18 20
1 5 6 7 8 12 13 15 17 18
2 3 4 9 10 11 14 16 19 20
1 5 6 7 8 12 14 15 16 17
2 3 4 9 10 11 13 18 19 20
1 5 6 7 8 12 14 15 17 19
2 3 4 9 10 11 13 16 18 20
1 5 6 7 8 12 15 16 17 19
2 3 4 9 10 11 13 14 18 20
1 5 6 7 9 11 12 14 15 17
2 3 4 8 10 13 16 18 19 20
1 5 6 7 9 11 12 15 16 17
2 3 4 8 10 13 14 18 19 20
1 5 6 7 9 11 12 15 17 19
2 3 4 8 10 13 14 16 18 20
1 5 6 7 9 12 13 15 17 18
2 3 4 8 10 11 14 16 19 20
1 5 6 7 9 12 14 15 16 17
2 3 4 8 10 11 13 18 19 20
1 5 6 7 9 12 14 15 17 19
2 3 4 8 10 11 13 16 18 20
1 5 6 7 9 12 15 16 17 19
2 3 4 8 10 11 13 14 18 20
1 5 6 7 11 12 13 15 17 18
2 3 4 8 9 10 14 16 19 20
1 5 6 7 11 12 14 15 16 17
2 3 4 8 9 10 13 18 19 20
1 5 6 7 11 12 14 15 17 19
2 3 4 8 9 10 13 16 18 20
1 5 6 7 11 12 15 16 17 19
2 3 4 8 9 10 13 14 18 20
1 5 6 7 12 13 14 15 17 18
2 3 4 8 9 10 11 16 19 20
1 5 6 7 12 13 15 16 17 18
2 3 4 8 9 10 11 14 19 20
1 5 6 7 12 13 15 17 18 19
2 3 4 8 9 10 11 14 16 20
1 5 6 7 12 14 15 16 17 19
2 3 4 8 9 10 11 13 18 20
1 5 6 8 9 11 13 14 16 18
2 3 4 7 10 12 15 17 19 20
1 5 6 8 9 11 13 14 18 19
2 3 4 7 10 12 15 16 17 20
1 5 6 8 9 11 13 16 18 19
2 3 4 7 10 12 14 15 17 20
1 5 6 8 9 13 14 16 18 19
2 3 4 7 10 11 12 15 17 20
1 5 6 8 11 13 14 16 18 19
2 3 4 7 9 10 12 15 17 20
1 5 6 9 11 13 14 16 18 19
2 3 4 7 8 10 12 15 17 20
1 6 7 8 9 11 12 14 15 17
2 3 4 5 10 13 16 18 19 20
1 6 7 8 9 11 12 15 16 17
2 3 4 5 10 13 14 18 19 20
1 6 7 8 9 11 12 15 17 19
2 3 4 5 10 13 14 16 18 20
1 6 7 8 9 12 13 15 17 18
2 3 4 5 10 11 14 16 19 20
1 6 7 8 9 12 14 15 16 17
2 3 4 5 10 11 13 18 19 20
1 6 7 8 9 12 14 15 17 19
2 3 4 5 10 11 13 16 18 20
1 6 7 8 9 12 15 16 17 19
2 3 4 5 10 11 13 14 18 20
1 6 7 8 11 12 13 15 17 18
2 3 4 5 9 10 14 16 19 20
1 6 7 8 11 12 14 15 16 17
2 3 4 5 9 10 13 18 19 20
1 6 7 8 11 12 14 15 17 19
2 3 4 5 9 10 13 16 18 20
1 6 7 8 11 12 15 16 17 19
2 3 4 5 9 10 13 14 18 20
1 6 7 8 12 13 14 15 17 18
2 3 4 5 9 10 11 16 19 20
1 6 7 8 12 13 15 16 17 18
2 3 4 5 9 10 11 14 19 20
1 6 7 8 12 13 15 17 18 19
2 3 4 5 9 10 11 14 16 20
1 6 7 8 12 14 15 16 17 19
2 3 4 5 9 10 11 13 18 20
1 6 7 9 11 12 13 15 17 18
2 3 4 5 8 10 14 16 19 20
1 6 7 9 11 12 14 15 16 17
2 3 4 5 8 10 13 18 19 20
1 6 7 9 11 12 14 15 17 19
2 3 4 5 8 10 13 16 18 20
1 6 7 9 11 12 15 16 17 19
2 3 4 5 8 10 13 14 18 20
1 6 7 9 12 13 14 15 17 18
2 3 4 5 8 10 11 16 19 20
1 6 7 9 12 13 15 16 17 18
2 3 4 5 8 10 11 14 19 20
1 6 7 9 12 13 15 17 18 19
2 3 4 5 8 10 11 14 16 20
1 6 7 9 12 14 15 16 17 19
2 3 4 5 8 10 11 13 18 20
1 6 7 11 12 13 14 15 17 18
2 3 4 5 8 9 10 16 19 20
1 6 7 11 12 13 15 16 17 18
2 3 4 5 8 9 10 14 19 20
1 6 7 11 12 13 15 17 18 19
2 3 4 5 8 9 10 14 16 20
1 6 7 11 12 14 15 16 17 19
2 3 4 5 8 9 10 13 18 20
1 6 7 12 13 14 15 16 17 18
2 3 4 5 8 9 10 11 19 20
1 6 7 12 13 14 15 17 18 19
2 3 4 5 8 9 10 11 16 20
1 6 7 12 13 15 16 17 18 19
2 3 4 5 8 9 10 11 14 20
1 6 8 9 11 13 14 16 18 19
2 3 4 5 7 10 12 15 17 20
