2.000000
1 2 3 4 9 14 15 16
5 6 7 8 10 11 12 13
1 2 3 7 8 14 15 16
4 5 6 9 10 11 12 13
1 2 4 5 6 9 11 15
3 7 8 10 12 13 14 16
1 2 4 9 10 12 13 15
3 5 6 7 8 11 14 16
1 2 5 6 7 8 11 15
3 4 9 10 12 13 14 16
1 2 7 8 10 12 13 15
3 4 5 6 9 11 14 16
1 3 4 7 8 9 14 16
2 5 6 10 11 12 13 15
1 3 5 6 7 11 14 16
2 4 8 9 10 12 13 15
1 3 5 6 8 11 14 16
2 4 7 9 10 12 13 15
1 3 7 10 12 13 14 16
2 4 5 6 8 9 11 15
1 3 8 10 12 13 14 16
2 4 5 6 7 9 11 15
1 4 5 6 7 8 9 11
2 3 10 12 13 14 15 16
1 4 7 8 9 10 12 13
2 3 5 6 11 14 15 16
1 5 6 7 10 11 12 13
2 3 4 8 9 14 15 16
1 5 6 8 10 11 12 13
2 3 4 7 9 14 15 16
