2.000000
1 2 3 5 6 7 15 18 19 20
4 8 9 10 11 12 13 14 16 17
1 2 3 5 6 8 15 18 19 20
4 7 9 10 11 12 13 14 16 17
1 2 3 5 6 9 15 18 19 20
4 7 8 10 11 12 13 14 16 17
1 2 3 5 6 12 15 18 19 20
4 7 8 9 10 11 13 14 16 17
1 2 3 5 6 15 16 18 19 20
4 7 8 9 10 11 12 13 14 17
1 2 5 6 7 8 15 18 19 20
3 4 9 10 11 12 13 14 16 17
1 2 5 6 7 9 15 18 19 20
3 4 8 10 11 12 13 14 16 17
1 2 5 6 7 12 15 18 19 20
3 4 8 9 10 11 13 14 16 17
1 2 5 6 7 15 16 18 19 20
3 4 8 9 10 11 12 13 14 17
1 2 5 6 8 9 15 18 19 20
3 4 7 10 11 12 13 14 16 17
1 2 5 6 8 12 15 18 19 20
3 4 7 9 10 11 13 14 16 17
1 2 5 6 8 15 16 18 19 20
3 4 7 9 10 11 12 13 14 17
1 2 5 6 9 12 15 18 19 20
3 4 7 8 10 11 13 14 16 17
1 2 5 6 9 15 16 18 19 20
3 4 7 8 10 11 12 13 14 17
1 2 5 6 12 15 16 18 19 20
3 4 7 8 9 10 11 13 14 17
1 3 4 7 8 10 11 13 14 17
2 5 6 9 12 15 16 18 19 20
1 3 4 7 9 10 11 13 14 17
2 5 6 8 12 15 16 18 19 20
1 3 4 7 10 11 12 13 14 17
2 5 6 8 9 15 16 18 19 20
1 3 4 7 10 11 13 14 16 17
2 5 6 8 9 12 15 18 19 20
1 3 4 8 9 10 11 13 14 17
2 5 6 7 12 15 16 18 19 20
1 3 4 8 10 11 12 13 14 17
2 5 6 7 9 15 16 18 19 20
1 3 4 8 10 11 13 14 16 17
2 5 6 7 9 12 15 18 19 20
1 3 4 9 10 11 12 13 14 17
2 5 6 7 8 15 16 18 19 20
1 3 4 9 10 11 13 14 16 17
2 5 6 7 8 12 15 18 19 20
1 3 4 10 11 12 13 14 16 17
2 5 6 7 8 9 15 18 19 20
1 4 7 8 9 10 11 13 14 17
2 3 5 6 12 15 16 18 19 20
1 4 7 8 10 11 12 13 14 17
2 3 5 6 9 15 16 18 19 20
1 4 7 8 10 11 13 14 16 17
2 3 5 6 9 12 15 18 19 20
1 4 7 9 10 11 12 13 14 17
2 3 5 6 8 15 16 18 19 20
1 4 7 9 10 11 13 14 16 17
2 3 5 6 8 12 15 18 19 20
1 4 7 10 11 12 13 14 16 17
2 3 5 6 8 9 15 18 19 20
1 4 8 9 10 11 12 13 14 17
2 3 5 6 7 15 16 18 19 20
1 4 8 9 10 11 13 14 16 17
2 3 5 6 7 12 15 18 19 20
1 4 8 10 11 12 13 14 16 17
2 3 5 6 7 9 15 18 19 20
1 4 9 10 11 12 13 14 16 17
2 3 5 6 7 8 15 18 19 20
