2.236068
1 2 3 4 6 8 10 11 13 20 21
5 7 9 12 14 15 16 17 18 19 22
1 2 5 6 8 10 11 12 16 19 21
3 4 7 9 13 14 15 17 18 20 22
1 2 6 8 9 10 11 14 15 21 22
3 4 5 7 12 13 16 17 18 19 20
1 3 4 5 6 12 13 16 19 20 21
2 7 8 9 10 11 14 15 17 18 22
1 3 4 6 7 8 13 17 18 20 21
2 5 9 10 11 12 14 15 16 19 22
1 3 4 6 9 13 14 15 20 21 22
2 5 7 8 10 11 12 16 17 18 19
1 5 6 7 8 12 16 17 18 19 21
2 3 4 9 10 11 13 14 15 20 22
1 5 6 9 12 14 15 16 19 21 22
2 3 4 7 8 10 11 13 17 18 20
1 6 7 8 9 14 15 17 18 21 22
2 3 4 5 10 11 12 13 16 19 20
