2.236068
1 2 3 4 6 9 13 14 16 17 20
5 7 8 10 11 12 15 18 19 21 22
1 2 3 4 6 13 14 16 17 19 20
5 7 8 9 10 11 12 15 18 21 22
1 2 3 4 9 13 14 16 17 19 20
5 6 7 8 10 11 12 15 18 21 22
1 2 3 5 8 10 13 16 18 20 22
4 6 7 9 11 12 14 15 17 19 21
1 2 3 6 9 13 14 16 17 19 20
4 5 7 8 10 11 12 15 18 21 22
1 2 3 7 11 12 13 15 16 20 21
4 5 6 8 9 10 14 17 18 19 22
1 2 4 5 6 8 9 10 13 18 22
3 7 11 12 14 15 16 17 19 20 21
1 2 4 5 6 8 10 13 18 19 22
3 7 9 11 12 14 15 16 17 20 21
1 2 4 5 8 9 10 13 18 19 22
3 6 7 11 12 14 15 16 17 20 21
1 2 4 5 8 10 13 14 17 18 22
3 6 7 9 11 12 15 16 19 20 21
1 2 4 6 7 9 11 12 13 15 21
3 5 8 10 14 16 17 18 19 20 22
1 2 4 6 7 11 12 13 15 19 21
3 5 8 9 10 14 16 17 18 20 22
1 2 4 7 9 11 12 13 15 19 21
3 5 6 8 10 14 16 17 18 20 22
1 2 4 7 11 12 13 14 15 17 21
3 5 6 8 9 10 16 18 19 20 22
1 2 5 6 8 9 10 13 18 19 22
3 4 7 11 12 14 15 16 17 20 21
1 2 5 6 8 10 13 14 17 18 22
3 4 7 9 11 12 15 16 19 20 21
1 2 5 8 9 10 13 14 17 18 22
3 4 6 7 11 12 15 16 19 20 21
1 2 5 8 10 13 14 17 18 19 22
3 4 6 7 9 11 12 15 16 20 21
1 2 6 7 9 11 12 13 15 19 21
3 4 5 8 10 14 16 17 18 20 22
1 2 6 7 11 12 13 14 15 17 21
3 4 5 8 9 10 16 18 19 20 22
1 2 7 9 11 12 13 14 15 17 21
3 4 5 6 8 10 16 18 19 20 22
1 2 7 11 12 13 14 15 17 19 21
3 4 5 6 8 9 10 16 18 20 22
1 3 4 5 6 8 10 16 18 20 22
2 7 9 11 12 13 14 15 17 19 21
1 3 4 5 8 9 10 16 18 20 22
2 6 7 11 12 13 14 15 17 19 21
1 3 4 5 8 10 16 18 19 20 22
2 6 7 9 11 12 13 14 15 17 21
1 3 4 6 7 11 12 15 16 20 21
2 5 8 9 10 13 14 17 18 19 22
1 3 4 7 9 11 12 15 16 20 21
2 5 6 8 10 13 14 17 18 19 22
1 3 4 7 11 12 15 16 19 20 21
2 5 6 8 9 10 13 14 17 18 22
1 3 5 6 8 9 10 16 18 20 22
2 4 7 11 12 13 14 15 17 19 21
1 3 5 6 8 10 16 18 19 20 22
2 4 7 9 11 12 13 14 15 17 21
1 3 5 8 9 10 16 18 19 20 22
2 4 6 7 11 12 13 14 15 17 21
1 3 5 8 10 14 16 17 18 20 22
2 4 6 7 9 11 12 13 15 19 21
1 3 6 7 9 11 12 15 16 20 21
2 4 5 8 10 13 14 17 18 19 22
1 3 6 7 11 12 15 16 19 20 21
2 4 5 8 9 10 13 14 17 18 22
1 3 7 9 11 12 15 16 19 20 21
2 4 5 6 8 10 13 14 17 18 22
1 3 7 11 12 14 15 16 17 20 21
2 4 5 6 8 9 10 13 18 19 22
1 4 5 6 8 9 10 14 17 18 22
2 3 7 11 12 13 15 16 19 20 21
1 4 5 6 8 10 14 17 18 19 22
2 3 7 9 11 12 13 15 16 20 21
1 4 5 8 9 10 14 17 18 19 22
2 3 6 7 11 12 13 15 16 20 21
1 4 6 7 9 11 12 14 15 17 21
2 3 5 8 10 13 16 18 19 20 22
1 4 6 7 11 12 14 15 17 19 21
2 3 5 8 9 10 13 16 18 20 22
1 4 7 9 11 12 14 15 17 19 21
2 3 5 6 8 10 13 16 18 20 22
1 5 6 8 9 10 14 17 18 19 22
2 3 4 7 11 12 13 15 16 20 21
1 5 7 8 10 11 12 15 18 21 22
2 3 4 6 9 13 14 16 17 19 20
1 6 7 9 11 12 14 15 17 19 21
2 3 4 5 8 10 13 16 18 20 22
