2.236068
1 2 3 5 6 7 10 14 16 20 21
4 8 9 11 12 13 15 17 18 19 22
1 2 3 5 7 8 10 14 16 20 21
4 6 9 11 12 13 15 17 18 19 22
1 2 3 5 7 10 11 14 16 20 21
4 6 8 9 12 13 15 17 18 19 22
1 2 3 5 7 10 14 16 17 20 21
4 6 8 9 11 12 13 15 18 19 22
1 2 3 5 7 10 14 16 20 21 22
4 6 8 9 11 12 13 15 17 18 19
1 2 4 6 7 8 9 10 15 18 19
3 5 11 12 13 14 16 17 20 21 22
1 2 4 6 7 9 10 11 15 18 19
3 5 8 12 13 14 16 17 20 21 22
1 2 4 6 7 9 10 15 17 18 19
3 5 8 11 12 13 14 16 20 21 22
1 2 4 6 7 9 10 15 18 19 22
3 5 8 11 12 13 14 16 17 20 21
1 2 4 7 8 9 10 11 15 18 19
3 5 6 12 13 14 16 17 20 21 22
1 2 4 7 8 9 10 15 17 18 19
3 5 6 11 12 13 14 16 20 21 22
1 2 4 7 8 9 10 15 18 19 22
3 5 6 11 12 13 14 16 17 20 21
1 2 4 7 9 10 11 15 17 18 19
3 5 6 8 12 13 14 16 20 21 22
1 2 4 7 9 10 11 15 18 19 22
3 5 6 8 12 13 14 16 17 20 21
1 2 4 7 9 10 12 13 15 18 19
3 5 6 8 11 14 16 17 20 21 22
1 2 4 7 9 10 15 17 18 19 22
3 5 6 8 11 12 13 14 16 20 21
1 2 6 7 8 10 11 12 13 17 22
3 4 5 9 14 15 16 18 19 20 21
