1.414214
1 2 3 7 9 11 14 15
4 5 6 8 10 12 13 16
1 2 3 9 11 12 14 15
4 5 6 7 8 10 13 16
1 2 3 9 11 13 14 15
4 5 6 7 8 10 12 16
1 2 6 9 11 14 15 16
3 4 5 7 8 10 12 13
1 2 7 9 11 12 14 15
3 4 5 6 8 10 13 16
1 2 7 9 11 13 14 15
3 4 5 6 8 10 12 16
1 2 9 11 12 13 14 15
3 4 5 6 7 8 10 16
1 3 6 9 11 14 15 16
2 4 5 7 8 10 12 13
1 3 7 9 11 12 14 15
2 4 5 6 8 10 13 16
1 3 7 9 11 13 14 15
2 4 5 6 8 10 12 16
1 3 9 11 12 13 14 15
2 4 5 6 7 8 10 16
1 6 7 9 11 14 15 16
2 3 4 5 8 10 12 13
1 6 9 11 12 14 15 16
2 3 4 5 7 8 10 13
1 6 9 11 13 14 15 16
2 3 4 5 7 8 10 12
1 7 9 11 12 13 14 15
2 3 4 5 6 8 10 16
