1.414214
1 2 3 4 5 7 10 11
6 8 9 12 13 14 15 16
1 2 3 4 6 7 10 11
5 8 9 12 13 14 15 16
1 2 3 4 7 8 10 11
5 6 9 12 13 14 15 16
1 2 3 4 7 9 10 11
5 6 8 12 13 14 15 16
1 2 3 4 7 10 11 12
5 6 8 9 13 14 15 16
1 2 3 4 7 10 11 13
5 6 8 9 12 14 15 16
1 2 3 4 7 10 11 14
5 6 8 9 12 13 15 16
1 2 3 4 7 10 11 15
5 6 8 9 12 13 14 16
1 2 3 4 7 10 11 16
5 6 8 9 12 13 14 15
1 3 5 6 7 8 10 11
2 4 9 12 13 14 15 16
1 3 5 6 7 9 10 11
2 4 8 12 13 14 15 16
1 3 5 6 7 10 11 12
2 4 8 9 13 14 15 16
1 3 5 6 7 10 11 13
2 4 8 9 12 14 15 16
1 3 5 6 7 10 11 14
2 4 8 9 12 13 15 16
1 3 5 6 7 10 11 15
2 4 8 9 12 13 14 16
1 3 5 6 7 10 11 16
2 4 8 9 12 13 14 15
1 3 5 7 8 9 10 11
2 4 6 12 13 14 15 16
1 3 5 7 8 10 11 12
2 4 6 9 13 14 15 16
1 3 5 7 8 10 11 13
2 4 6 9 12 14 15 16
1 3 5 7 8 10 11 14
2 4 6 9 12 13 15 16
1 3 5 7 8 10 11 15
2 4 6 9 12 13 14 16
1 3 5 7 8 10 11 16
2 4 6 9 12 13 14 15
1 3 5 7 9 10 11 12
2 4 6 8 13 14 15 16
1 3 5 7 9 10 11 13
2 4 6 8 12 14 15 16
1 3 5 7 9 10 11 14
2 4 6 8 12 13 15 16
1 3 5 7 9 10 11 15
2 4 6 8 12 13 14 16
1 3 5 7 9 10 11 16
2 4 6 8 12 13 14 15
1 3 5 7 10 11 12 13
2 4 6 8 9 14 15 16
1 3 5 7 10 11 12 14
2 4 6 8 9 13 15 16
1 3 5 7 10 11 12 15
2 4 6 8 9 13 14 16
1 3 5 7 10 11 12 16
2 4 6 8 9 13 14 15
1 3 5 7 10 11 13 14
2 4 6 8 9 12 15 16
1 3 5 7 10 11 13 15
2 4 6 8 9 12 14 16
1 3 5 7 10 11 13 16
2 4 6 8 9 12 14 15
1 3 5 7 10 11 14 15
2 4 6 8 9 12 13 16
1 3 5 7 10 11 14 16
2 4 6 8 9 12 13 15
1 3 5 7 10 11 15 16
2 4 6 8 9 12 13 14
1 3 6 7 8 9 10 11
2 4 5 12 13 14 15 16
1 3 6 7 8 10 11 12
2 4 5 9 13 14 15 16
1 3 6 7 8 10 11 13
2 4 5 9 12 14 15 16
1 3 6 7 8 10 11 14
2 4 5 9 12 13 15 16
1 3 6 7 8 10 11 15
2 4 5 9 12 13 14 16
1 3 6 7 8 10 11 16
2 4 5 9 12 13 14 15
1 3 6 7 9 10 11 12
2 4 5 8 13 14 15 16
1 3 6 7 9 10 11 13
2 4 5 8 12 14 15 16
1 3 6 7 9 10 11 14
2 4 5 8 12 13 15 16
1 3 6 7 9 10 11 15
2 4 5 8 12 13 14 16
1 3 6 7 9 10 11 16
2 4 5 8 12 13 14 15
1 3 6 7 10 11 12 13
2 4 5 8 9 14 15 16
1 3 6 7 10 11 12 14
2 4 5 8 9 13 15 16
1 3 6 7 10 11 12 15
2 4 5 8 9 13 14 16
1 3 6 7 10 11 12 16
2 4 5 8 9 13 14 15
1 3 6 7 10 11 13 14
2 4 5 8 9 12 15 16
1 3 6 7 10 11 13 15
2 4 5 8 9 12 14 16
1 3 6 7 10 11 13 16
2 4 5 8 9 12 14 15
1 3 6 7 10 11 14 15
2 4 5 8 9 12 13 16
1 3 6 7 10 11 14 16
2 4 5 8 9 12 13 15
1 3 6 7 10 11 15 16
2 4 5 8 9 12 13 14
1 3 7 8 9 10 11 12
2 4 5 6 13 14 15 16
1 3 7 8 9 10 11 13
2 4 5 6 12 14 15 16
1 3 7 8 9 10 11 14
2 4 5 6 12 13 15 16
1 3 7 8 9 10 11 15
2 4 5 6 12 13 14 16
1 3 7 8 9 10 11 16
2 4 5 6 12 13 14 15
1 3 7 8 10 11 12 13
2 4 5 6 9 14 15 16
1 3 7 8 10 11 12 14
2 4 5 6 9 13 15 16
1 3 7 8 10 11 12 15
2 4 5 6 9 13 14 16
1 3 7 8 10 11 12 16
2 4 5 6 9 13 14 15
1 3 7 8 10 11 13 14
2 4 5 6 9 12 15 16
1 3 7 8 10 11 13 15
2 4 5 6 9 12 14 16
1 3 7 8 10 11 13 16
2 4 5 6 9 12 14 15
1 3 7 8 10 11 14 15
2 4 5 6 9 12 13 16
1 3 7 8 10 11 14 16
2 4 5 6 9 12 13 15
1 3 7 8 10 11 15 16
2 4 5 6 9 12 13 14
1 3 7 9 10 11 12 13
2 4 5 6 8 14 15 16
1 3 7 9 10 11 12 14
2 4 5 6 8 13 15 16
1 3 7 9 10 11 12 15
2 4 5 6 8 13 14 16
1 3 7 9 10 11 12 16
2 4 5 6 8 13 14 15
1 3 7 9 10 11 13 14
2 4 5 6 8 12 15 16
1 3 7 9 10 11 13 15
2 4 5 6 8 12 14 16
1 3 7 9 10 11 13 16
2 4 5 6 8 12 14 15
1 3 7 9 10 11 14 15
2 4 5 6 8 12 13 16
1 3 7 9 10 11 14 16
2 4 5 6 8 12 13 15
1 3 7 9 10 11 15 16
2 4 5 6 8 12 13 14
1 3 7 10 11 12 13 14
2 4 5 6 8 9 15 16
1 3 7 10 11 12 13 15
2 4 5 6 8 9 14 16
1 3 7 10 11 12 13 16
2 4 5 6 8 9 14 15
1 3 7 10 11 12 14 15
2 4 5 6 8 9 13 16
1 3 7 10 11 12 14 16
2 4 5 6 8 9 13 15
1 3 7 10 11 12 15 16
2 4 5 6 8 9 13 14
1 3 7 10 11 13 14 15
2 4 5 6 8 9 12 16
1 3 7 10 11 13 14 16
2 4 5 6 8 9 12 15
1 3 7 10 11 13 15 16
2 4 5 6 8 9 12 14
1 3 7 10 11 14 15 16
2 4 5 6 8 9 12 13
