2.236068
1 3 5 8 9 11 12 13 17 19
2 4 6 7 10 14 15 16 18 20
1 4 5 6 8 9 11 12 17 19
2 3 7 10 13 14 15 16 18 20
1 4 5 8 9 10 11 12 17 19
2 3 6 7 13 14 15 16 18 20
1 4 5 8 9 11 12 16 17 19
2 3 6 7 10 13 14 15 18 20
1 4 5 8 9 11 12 17 18 19
2 3 6 7 10 13 14 15 16 20
1 4 5 8 9 11 12 17 19 20
2 3 6 7 10 13 14 15 16 18
1 5 6 8 9 10 11 12 17 19
2 3 4 7 13 14 15 16 18 20
1 5 6 8 9 11 12 16 17 19
2 3 4 7 10 13 14 15 18 20
1 5 6 8 9 11 12 17 18 19
2 3 4 7 10 13 14 15 16 20
1 5 6 8 9 11 12 17 19 20
2 3 4 7 10 13 14 15 16 18
1 5 8 9 10 11 12 16 17 19
2 3 4 6 7 13 14 15 18 20
1 5 8 9 10 11 12 17 18 19
2 3 4 6 7 13 14 15 16 20
1 5 8 9 10 11 12 17 19 20
2 3 4 6 7 13 14 15 16 18
1 5 8 9 11 12 16 17 18 19
2 3 4 6 7 10 13 14 15 20
1 5 8 9 11 12 16 17 19 20
2 3 4 6 7 10 13 14 15 18
1 5 8 9 11 12 17 18 19 20
2 3 4 6 7 10 13 14 15 16
