2.236068
1 2 3 4 5 7 9 15 18 19 21
6 8 10 11 12 13 14 16 17 20 22
1 2 3 5 7 8 9 11 13 18 21
4 6 10 12 14 15 16 17 19 20 22
1 2 3 5 7 8 9 11 18 20 21
4 6 10 12 13 14 15 16 17 19 22
1 2 3 5 7 8 9 13 18 20 21
4 6 10 11 12 14 15 16 17 19 22
1 2 3 5 7 8 9 14 16 18 21
4 6 10 11 12 13 15 17 19 20 22
1 2 3 5 7 9 11 13 18 20 21
4 6 8 10 12 14 15 16 17 19 22
1 2 3 5 7 9 11 14 16 18 21
4 6 8 10 12 13 15 17 19 20 22
1 2 3 5 7 9 13 14 16 18 21
4 6 8 10 11 12 15 17 19 20 22
1 2 3 5 7 9 14 16 18 20 21
4 6 8 10 11 12 13 15 17 19 22
