2.236068
1 2 3 4 5 6 9 15 18 20
7 8 10 11 12 13 14 16 17 19
1 2 3 4 6 8 9 15 18 20
5 7 10 11 12 13 14 16 17 19
1 2 3 4 6 9 13 15 18 20
5 7 8 10 11 12 14 16 17 19
1 2 3 4 6 9 15 18 19 20
5 7 8 10 11 12 13 14 16 17
1 2 3 5 6 8 9 15 18 20
4 7 10 11 12 13 14 16 17 19
1 2 3 5 6 9 13 15 18 20
4 7 8 10 11 12 14 16 17 19
1 2 3 5 6 9 15 18 19 20
4 7 8 10 11 12 13 14 16 17
1 2 3 6 8 9 13 15 18 20
4 5 7 10 11 12 14 16 17 19
1 2 3 6 8 9 15 18 19 20
4 5 7 10 11 12 13 14 16 17
1 2 3 6 9 13 15 18 19 20
4 5 7 8 10 11 12 14 16 17
1 3 4 5 6 8 9 13 15 20
2 7 10 11 12 14 16 17 18 19
1 3 4 5 6 8 9 15 19 20
2 7 10 11 12 13 14 16 17 18
1 3 4 5 6 9 13 15 19 20
2 7 8 10 11 12 14 16 17 18
1 3 4 6 8 9 13 15 19 20
2 5 7 10 11 12 14 16 17 18
1 3 4 6 9 10 11 15 16 20
2 5 7 8 12 13 14 17 18 19
1 3 5 6 8 9 13 15 19 20
2 4 7 10 11 12 14 16 17 18
1 3 5 6 9 10 11 15 16 20
2 4 7 8 12 13 14 17 18 19
1 3 6 7 9 12 14 15 17 20
2 4 5 8 10 11 13 16 18 19
1 3 6 8 9 10 11 15 16 20
2 4 5 7 12 13 14 17 18 19
1 3 6 9 10 11 13 15 16 20
2 4 5 7 8 12 14 17 18 19
1 3 6 9 10 11 15 16 19 20
2 4 5 7 8 12 13 14 17 18
