2.000000
1 2 3 4 5 7 8 11 17
6 9 10 12 13 14 15 16 18
1 2 3 4 5 7 8 16 17
6 9 10 11 12 13 14 15 18
1 2 3 4 5 7 10 15 17
6 8 9 11 12 13 14 16 18
1 2 3 4 5 7 11 16 17
6 8 9 10 12 13 14 15 18
1 2 3 4 5 8 10 11 15
6 7 9 12 13 14 16 17 18
1 2 3 4 5 8 10 15 16
6 7 9 11 12 13 14 17 18
1 2 3 4 5 10 11 15 16
6 7 8 9 12 13 14 17 18
1 2 3 4 7 8 10 15 17
5 6 9 11 12 13 14 16 18
1 2 3 4 7 8 11 16 17
5 6 9 10 12 13 14 15 18
1 2 3 4 7 10 11 15 17
5 6 8 9 12 13 14 16 18
1 2 3 4 7 10 15 16 17
5 6 8 9 11 12 13 14 18
1 2 3 4 8 10 11 15 16
5 6 7 9 12 13 14 17 18
1 2 4 5 7 8 10 15 17
3 6 9 11 12 13 14 16 18
1 2 4 5 7 8 11 16 17
3 6 9 10 12 13 14 15 18
1 2 4 5 7 10 11 15 17
3 6 8 9 12 13 14 16 18
1 2 4 5 7 10 15 16 17
3 6 8 9 11 12 13 14 18
1 2 4 5 8 10 11 15 16
3 6 7 9 12 13 14 17 18
1 2 4 6 9 12 13 14 18
3 5 7 8 10 11 15 16 17
1 2 4 7 8 10 11 15 17
3 5 6 9 12 13 14 16 18
1 2 4 7 8 10 15 16 17
3 5 6 9 11 12 13 14 18
1 2 4 7 10 11 15 16 17
3 5 6 8 9 12 13 14 18
1 3 4 5 7 8 10 15 17
2 6 9 11 12 13 14 16 18
1 3 4 5 7 8 11 16 17
2 6 9 10 12 13 14 15 18
1 3 4 5 7 10 11 15 17
2 6 8 9 12 13 14 16 18
1 3 4 5 7 10 15 16 17
2 6 8 9 11 12 13 14 18
1 3 4 5 8 10 11 15 16
2 6 7 9 12 13 14 17 18
1 3 4 6 9 12 13 14 18
2 5 7 8 10 11 15 16 17
1 3 4 7 8 10 11 15 17
2 5 6 9 12 13 14 16 18
1 3 4 7 8 10 15 16 17
2 5 6 9 11 12 13 14 18
1 3 4 7 10 11 15 16 17
2 5 6 8 9 12 13 14 18
1 4 5 6 9 12 13 14 18
2 3 7 8 10 11 15 16 17
1 4 5 7 8 10 11 15 17
2 3 6 9 12 13 14 16 18
1 4 5 7 8 10 15 16 17
2 3 6 9 11 12 13 14 18
1 4 5 7 10 11 15 16 17
2 3 6 8 9 12 13 14 18
1 4 6 8 9 12 13 14 18
2 3 5 7 10 11 15 16 17
1 4 6 9 11 12 13 14 18
2 3 5 7 8 10 15 16 17
1 4 6 9 12 13 14 16 18
2 3 5 7 8 10 11 15 17
1 4 7 8 10 11 15 16 17
2 3 5 6 9 12 13 14 18
