2.000000
1 2 3 4 5 7 8 10
6 9 11 12 13 14 15 16
1 2 3 4 5 7 8 11
6 9 10 12 13 14 15 16
1 2 3 4 5 7 8 14
6 9 10 11 12 13 15 16
1 2 3 5 7 8 10 11
4 6 9 12 13 14 15 16
1 2 3 5 7 8 10 14
4 6 9 11 12 13 15 16
1 2 3 5 7 8 11 14
4 6 9 10 12 13 15 16
1 2 6 9 12 13 15 16
3 4 5 7 8 10 11 14
1 3 4 5 7 8 10 11
2 6 9 12 13 14 15 16
1 3 4 5 7 8 10 14
2 6 9 11 12 13 15 16
1 3 4 5 7 8 11 14
2 6 9 10 12 13 15 16
1 3 5 7 8 10 11 14
2 4 6 9 12 13 15 16
1 4 6 9 12 13 15 16
2 3 5 7 8 10 11 14
1 6 9 10 12 13 15 16
2 3 4 5 7 8 11 14
1 6 9 11 12 13 15 16
2 3 4 5 7 8 10 14
1 6 9 12 13 14 15 16
2 3 4 5 7 8 10 11
