2.000000
1 2 3 4 9 11 12 15
5 6 7 8 10 13 14 16
1 2 3 5 6 9 11 15
4 7 8 10 12 13 14 16
1 2 3 5 9 10 11 15
4 6 7 8 12 13 14 16
1 2 3 5 9 11 13 15
4 6 7 8 10 12 14 16
1 2 3 6 9 10 11 15
4 5 7 8 12 13 14 16
1 2 3 6 9 11 13 15
4 5 7 8 10 12 14 16
1 2 3 9 10 11 13 15
4 5 6 7 8 12 14 16
1 2 4 5 6 9 11 12
3 7 8 10 13 14 15 16
1 2 4 5 9 10 11 12
3 6 7 8 13 14 15 16
1 2 4 5 9 11 12 13
3 6 7 8 10 14 15 16
1 2 4 6 9 10 11 12
3 5 7 8 13 14 15 16
1 2 4 6 9 11 12 13
3 5 7 8 10 14 15 16
1 2 4 9 10 11 12 13
3 5 6 7 8 14 15 16
1 2 5 6 9 10 11 13
3 4 7 8 12 14 15 16
1 2 7 8 9 11 14 16
3 4 5 6 10 12 13 15
1 3 4 5 6 9 12 15
2 7 8 10 11 13 14 16
1 3 4 5 9 10 12 15
2 6 7 8 11 13 14 16
1 3 4 5 9 12 13 15
2 6 7 8 10 11 14 16
1 3 4 6 9 10 12 15
2 5 7 8 11 13 14 16
1 3 4 6 9 12 13 15
2 5 7 8 10 11 14 16
1 3 4 9 10 12 13 15
2 5 6 7 8 11 14 16
1 3 5 6 9 10 13 15
2 4 7 8 11 12 14 16
1 3 7 8 9 14 15 16
2 4 5 6 10 11 12 13
1 4 5 6 9 10 12 13
2 3 7 8 11 14 15 16
1 4 7 8 9 12 14 16
2 3 5 6 10 11 13 15
1 5 6 7 8 9 14 16
2 3 4 10 11 12 13 15
1 5 7 8 9 10 14 16
2 3 4 6 11 12 13 15
1 5 7 8 9 13 14 16
2 3 4 6 10 11 12 15
1 6 7 8 9 10 14 16
2 3 4 5 11 12 13 15
1 6 7 8 9 13 14 16
2 3 4 5 10 11 12 15
1 7 8 9 10 13 14 16
2 3 4 5 6 11 12 15
