2.236068
1 2 3 4 6 8 12 15 17
5 7 9 10 11 13 14 16 18
1 2 3 5 6 8 12 13 15
4 7 9 10 11 14 16 17 18
1 2 3 5 6 8 12 15 16
4 7 9 10 11 13 14 17 18
1 2 3 6 7 8 12 15 18
4 5 9 10 11 13 14 16 17
1 2 3 6 8 12 13 15 16
4 5 7 9 10 11 14 17 18
1 2 4 5 8 12 13 15 17
3 6 7 9 10 11 14 16 18
1 2 4 5 8 12 15 16 17
3 6 7 9 10 11 13 14 18
1 2 4 7 8 12 15 17 18
3 5 6 9 10 11 13 14 16
1 2 4 8 12 13 15 16 17
3 5 6 7 9 10 11 14 18
1 2 5 7 8 12 13 15 18
3 4 6 9 10 11 14 16 17
1 2 5 7 8 12 15 16 18
3 4 6 9 10 11 13 14 17
1 2 7 8 12 13 15 16 18
3 4 5 6 9 10 11 14 17
1 2 8 9 10 11 12 14 15
3 4 5 6 7 13 16 17 18
1 3 4 5 6 7 13 17 18
2 8 9 10 11 12 14 15 16
1 3 4 5 6 7 16 17 18
2 8 9 10 11 12 13 14 15
1 3 4 6 7 13 16 17 18
2 5 8 9 10 11 12 14 15
1 3 4 6 9 10 11 14 17
2 5 7 8 12 13 15 16 18
1 3 5 6 9 10 11 13 14
2 4 7 8 12 15 16 17 18
1 3 5 6 9 10 11 14 16
2 4 7 8 12 13 15 17 18
1 3 6 7 9 10 11 14 18
2 4 5 8 12 13 15 16 17
1 3 6 9 10 11 13 14 16
2 4 5 7 8 12 15 17 18
1 4 5 9 10 11 13 14 17
2 3 6 7 8 12 15 16 18
1 4 5 9 10 11 14 16 17
2 3 6 7 8 12 13 15 18
1 4 7 9 10 11 14 17 18
2 3 5 6 8 12 13 15 16
1 4 9 10 11 13 14 16 17
2 3 5 6 7 8 12 15 18
1 5 7 9 10 11 13 14 18
2 3 4 6 8 12 15 16 17
1 5 7 9 10 11 14 16 18
2 3 4 6 8 12 13 15 17
1 7 9 10 11 13 14 16 18
2 3 4 5 6 8 12 15 17
