2.000000
1 2 3 4 6 11 14
5 7 8 9 10 12 13
1 2 3 5 7 8 10
4 6 9 11 12 13 14
1 2 3 5 7 8 12
4 6 9 10 11 13 14
1 2 3 5 8 9 13
4 6 7 10 11 12 14
1 2 3 5 8 10 12
4 6 7 9 11 13 14
1 2 3 7 9 10 13
4 5 6 8 11 12 14
1 2 3 7 9 12 13
4 5 6 8 10 11 14
1 2 3 9 10 12 13
4 5 6 7 8 11 14
1 4 5 6 8 11 14
2 3 7 9 10 12 13
1 4 6 7 10 11 14
2 3 5 8 9 12 13
1 4 6 7 11 12 14
2 3 5 8 9 10 13
1 4 6 9 11 13 14
2 3 5 7 8 10 12
1 4 6 10 11 12 14
2 3 5 7 8 9 13
1 5 7 8 9 10 13
2 3 4 6 11 12 14
1 5 7 8 9 12 13
2 3 4 6 10 11 14
1 5 8 9 10 12 13
2 3 4 6 7 11 14
