2.000000
1 2 3 4 6 7 14
5 8 9 10 11 12 13
1 2 3 4 7 8 14
5 6 9 10 11 12 13
1 2 3 4 7 11 14
5 6 8 9 10 12 13
1 2 3 5 7 9 14
4 6 8 10 11 12 13
1 2 3 6 7 8 14
4 5 9 10 11 12 13
1 2 3 6 7 11 14
4 5 8 9 10 12 13
1 2 3 7 8 11 14
4 5 6 9 10 12 13
1 2 4 5 7 9 14
3 6 8 10 11 12 13
1 2 4 6 7 8 14
3 5 9 10 11 12 13
1 2 4 6 7 11 14
3 5 8 9 10 12 13
1 2 4 7 8 11 14
3 5 6 9 10 12 13
1 2 5 6 7 9 14
3 4 8 10 11 12 13
1 2 5 7 8 9 14
3 4 6 10 11 12 13
1 2 5 7 9 11 14
3 4 6 8 10 12 13
1 2 6 7 8 11 14
3 4 5 9 10 12 13
1 2 7 10 12 13 14
3 4 5 6 8 9 11
1 3 4 5 6 8 9
2 7 10 11 12 13 14
1 3 4 5 6 9 11
2 7 8 10 12 13 14
1 3 4 5 8 9 11
2 6 7 10 12 13 14
1 3 4 6 10 12 13
2 5 7 8 9 11 14
1 3 4 8 10 12 13
2 5 6 7 9 11 14
1 3 4 10 11 12 13
2 5 6 7 8 9 14
1 3 5 6 8 9 11
2 4 7 10 12 13 14
1 3 5 9 10 12 13
2 4 6 7 8 11 14
1 3 6 8 10 12 13
2 4 5 7 9 11 14
1 3 6 10 11 12 13
2 4 5 7 8 9 14
1 3 8 10 11 12 13
2 4 5 6 7 9 14
1 4 5 6 8 9 11
2 3 7 10 12 13 14
1 4 5 9 10 12 13
2 3 6 7 8 11 14
1 4 6 8 10 12 13
2 3 5 7 9 11 14
1 4 6 10 11 12 13
2 3 5 7 8 9 14
1 4 8 10 11 12 13
2 3 5 6 7 9 14
1 5 6 9 10 12 13
2 3 4 7 8 11 14
1 5 8 9 10 12 13
2 3 4 6 7 11 14
1 5 9 10 11 12 13
2 3 4 6 7 8 14
1 6 8 10 11 12 13
2 3 4 5 7 9 14
