1.414214
1 2 3 6 8 9 14
4 5 7 10 11 12 13
1 2 3 7 8 9 14
4 5 6 10 11 12 13
1 2 3 8 9 10 14
4 5 6 7 11 12 13
1 2 4 8 9 12 13
3 5 6 7 10 11 14
1 2 5 6 8 9 11
3 4 7 10 12 13 14
1 2 5 7 8 9 11
3 4 6 10 12 13 14
1 2 5 8 9 10 11
3 4 6 7 12 13 14
1 2 6 7 8 9 10
3 4 5 11 12 13 14
1 3 5 8 9 11 14
2 4 6 7 10 12 13
1 3 6 7 8 9 14
2 4 5 10 11 12 13
1 3 6 8 9 10 14
2 4 5 7 11 12 13
1 3 7 8 9 10 14
2 4 5 6 11 12 13
1 4 6 8 9 12 13
2 3 5 7 10 11 14
1 4 7 8 9 12 13
2 3 5 6 10 11 14
1 4 8 9 10 12 13
2 3 5 6 7 11 14
1 5 6 7 8 9 11
2 3 4 10 12 13 14
1 5 6 8 9 10 11
2 3 4 7 12 13 14
1 5 7 8 9 10 11
2 3 4 6 12 13 14
