2.000000
1 2 3 5 6 8 13 15
4 7 9 10 11 12 14 16
1 2 4 5 6 8 13 15
3 7 9 10 11 12 14 16
1 2 5 6 8 9 13 15
3 4 7 10 11 12 14 16
1 2 5 6 8 10 13 15
3 4 7 9 11 12 14 16
1 2 5 6 8 11 13 15
3 4 7 9 10 12 14 16
1 3 4 7 9 10 11 14
2 5 6 8 12 13 15 16
1 3 4 7 9 12 14 16
2 5 6 8 10 11 13 15
1 3 4 7 10 12 14 16
2 5 6 8 9 11 13 15
1 3 4 7 11 12 14 16
2 5 6 8 9 10 13 15
1 3 4 9 10 11 12 16
2 5 6 7 8 13 14 15
1 3 7 9 10 12 14 16
2 4 5 6 8 11 13 15
1 3 7 9 11 12 14 16
2 4 5 6 8 10 13 15
1 3 7 10 11 12 14 16
2 4 5 6 8 9 13 15
1 4 7 9 10 12 14 16
2 3 5 6 8 11 13 15
1 4 7 9 11 12 14 16
2 3 5 6 8 10 13 15
1 4 7 10 11 12 14 16
2 3 5 6 8 9 13 15
1 7 9 10 11 12 14 16
2 3 4 5 6 8 13 15
