2.236068
1 2 3 6 7 8 10 11 12 16 20
4 5 9 13 14 15 17 18 19 21 22
1 2 3 6 7 8 10 11 12 17 20
4 5 9 13 14 15 16 18 19 21 22
1 2 3 6 7 8 10 11 12 20 22
4 5 9 13 14 15 16 17 18 19 21
1 2 3 6 7 8 10 11 16 17 20
4 5 9 12 13 14 15 18 19 21 22
1 2 3 6 7 8 10 11 16 20 22
4 5 9 12 13 14 15 17 18 19 21
1 2 3 6 7 8 10 11 17 20 22
4 5 9 12 13 14 15 16 18 19 21
1 2 3 6 7 8 10 12 16 17 20
4 5 9 11 13 14 15 18 19 21 22
1 2 3 6 7 8 10 12 16 20 22
4 5 9 11 13 14 15 17 18 19 21
1 2 3 6 7 8 10 12 17 20 22
4 5 9 11 13 14 15 16 18 19 21
1 2 3 6 7 8 10 16 17 20 22
4 5 9 11 12 13 14 15 18 19 21
1 2 3 6 7 10 11 12 16 17 20
4 5 8 9 13 14 15 18 19 21 22
1 2 3 6 7 10 11 12 16 20 22
4 5 8 9 13 14 15 17 18 19 21
1 2 3 6 7 10 11 12 17 20 22
4 5 8 9 13 14 15 16 18 19 21
1 2 3 6 7 10 11 16 17 20 22
4 5 8 9 12 13 14 15 18 19 21
1 2 3 6 7 10 12 16 17 20 22
4 5 8 9 11 13 14 15 18 19 21
1 2 3 7 8 10 11 12 16 17 20
4 5 6 9 13 14 15 18 19 21 22
1 2 3 7 8 10 11 12 16 20 22
4 5 6 9 13 14 15 17 18 19 21
1 2 3 7 8 10 11 12 17 20 22
4 5 6 9 13 14 15 16 18 19 21
1 2 3 7 8 10 11 16 17 20 22
4 5 6 9 12 13 14 15 18 19 21
1 2 3 7 8 10 12 16 17 20 22
4 5 6 9 11 13 14 15 18 19 21
1 2 3 7 10 11 12 16 17 20 22
4 5 6 8 9 13 14 15 18 19 21
1 4 5 9 13 14 15 18 19 20 21
2 3 6 7 8 10 11 12 16 17 22
