2.236068
1 2 3 4 6 7 8 9 11 15
5 10 12 13 14 16 17 18 19 20
1 2 3 4 6 7 8 9 12 15
5 10 11 13 14 16 17 18 19 20
1 2 3 4 6 7 8 9 15 20
5 10 11 12 13 14 16 17 18 19
1 2 6 7 8 9 10 13 15 19
3 4 5 11 12 14 16 17 18 20
1 2 6 7 8 9 11 12 15 20
3 4 5 10 13 14 16 17 18 19
1 3 4 5 8 11 14 16 17 18
2 6 7 9 10 12 13 15 19 20
1 3 4 5 8 12 14 16 17 18
2 6 7 9 10 11 13 15 19 20
1 3 4 5 8 14 16 17 18 20
2 6 7 9 10 11 12 13 15 19
1 3 4 8 10 11 12 13 19 20
2 5 6 7 9 14 15 16 17 18
1 5 8 10 13 14 16 17 18 19
2 3 4 6 7 9 11 12 15 20
1 5 8 11 12 14 16 17 18 20
2 3 4 6 7 9 10 13 15 19
