2.236068
1 2 3 4 5 7 8 10 13 16
6 9 11 12 14 15 17 18 19 20
1 2 3 4 5 7 8 11 12 20
6 9 10 13 14 15 16 17 18 19
1 2 3 4 5 7 8 15 18 19
6 9 10 11 12 13 14 16 17 20
1 2 3 5 6 7 8 9 14 17
4 10 11 12 13 15 16 18 19 20
1 2 3 5 7 8 10 11 12 20
4 6 9 13 14 15 16 17 18 19
1 2 3 5 7 8 10 15 18 19
4 6 9 11 12 13 14 16 17 20
1 2 3 5 7 8 11 12 13 20
4 6 9 10 14 15 16 17 18 19
1 2 3 5 7 8 11 12 16 20
4 6 9 10 13 14 15 17 18 19
1 2 3 5 7 8 13 15 18 19
4 6 9 10 11 12 14 16 17 20
1 2 3 5 7 8 15 16 18 19
4 6 9 10 11 12 13 14 17 20
1 2 4 5 6 7 8 9 14 17
3 10 11 12 13 15 16 18 19 20
1 2 4 5 7 8 10 11 12 20
3 6 9 13 14 15 16 17 18 19
1 2 4 5 7 8 10 15 18 19
3 6 9 11 12 13 14 16 17 20
1 2 4 5 7 8 11 12 13 20
3 6 9 10 14 15 16 17 18 19
1 2 4 5 7 8 11 12 16 20
3 6 9 10 13 14 15 17 18 19
1 2 4 5 7 8 13 15 18 19
3 6 9 10 11 12 14 16 17 20
1 2 4 5 7 8 15 16 18 19
3 6 9 10 11 12 13 14 17 20
1 2 5 6 7 8 9 10 14 17
3 4 11 12 13 15 16 18 19 20
1 2 5 6 7 8 9 13 14 17
3 4 10 11 12 15 16 18 19 20
1 2 5 6 7 8 9 14 16 17
3 4 10 11 12 13 15 18 19 20
1 2 5 7 8 10 11 12 13 20
3 4 6 9 14 15 16 17 18 19
1 2 5 7 8 10 11 12 16 20
3 4 6 9 13 14 15 17 18 19
1 2 5 7 8 10 13 15 18 19
3 4 6 9 11 12 14 16 17 20
1 2 5 7 8 10 15 16 18 19
3 4 6 9 11 12 13 14 17 20
1 2 5 7 8 11 12 13 16 20
3 4 6 9 10 14 15 17 18 19
1 2 5 7 8 13 15 16 18 19
3 4 6 9 10 11 12 14 17 20
