2.236068
1 2 4 9 11 12 13 14 17 18 19
3 5 6 7 8 10 15 16 20 21 22
1 3 4 5 8 11 13 15 17 18 19
2 6 7 9 10 12 14 16 20 21 22
1 4 6 7 11 13 17 18 19 20 21
2 3 5 8 9 10 12 14 15 16 22
1 4 6 7 11 13 17 18 19 20 22
2 3 5 8 9 10 12 14 15 16 21
1 4 6 10 11 13 16 17 18 19 20
2 3 5 7 8 9 12 14 15 21 22
1 4 6 11 13 17 18 19 20 21 22
2 3 5 7 8 9 10 12 14 15 16
1 4 7 10 11 13 16 17 18 19 21
2 3 5 6 8 9 12 14 15 20 22
1 4 7 10 11 13 16 17 18 19 22
2 3 5 6 8 9 12 14 15 20 21
1 4 10 11 13 16 17 18 19 21 22
2 3 5 6 7 8 9 12 14 15 20
