2.236068
1 2 4 5 6 8 12 14 16
3 7 9 10 11 13 15 17 18
1 2 4 5 7 8 12 14 16
3 6 9 10 11 13 15 17 18
1 2 4 5 8 10 12 14 16
3 6 7 9 11 13 15 17 18
1 2 4 5 8 11 12 14 16
3 6 7 9 10 13 15 17 18
1 2 4 5 8 12 14 15 16
3 6 7 9 10 11 13 17 18
1 3 5 6 7 8 9 16 17
2 4 10 11 12 13 14 15 18
1 3 5 6 8 9 10 16 17
2 4 7 11 12 13 14 15 18
1 3 5 6 8 9 11 16 17
2 4 7 10 12 13 14 15 18
1 3 5 6 8 9 15 16 17
2 4 7 10 11 12 13 14 18
1 3 5 7 8 9 10 16 17
2 4 6 11 12 13 14 15 18
1 3 5 7 8 9 11 16 17
2 4 6 10 12 13 14 15 18
1 3 5 7 8 9 15 16 17
2 4 6 10 11 12 13 14 18
1 3 5 8 9 10 11 16 17
2 4 6 7 12 13 14 15 18
1 3 5 8 9 10 15 16 17
2 4 6 7 11 12 13 14 18
1 3 5 8 9 11 15 16 17
2 4 6 7 10 12 13 14 18
1 3 5 8 9 13 16 17 18
2 4 6 7 10 11 12 14 15
1 5 6 7 8 10 11 15 16
2 3 4 9 12 13 14 17 18
1 5 6 7 8 10 13 16 18
2 3 4 9 11 12 14 15 17
1 5 6 7 8 11 13 16 18
2 3 4 9 10 12 14 15 17
1 5 6 7 8 13 15 16 18
2 3 4 9 10 11 12 14 17
1 5 6 8 10 11 13 16 18
2 3 4 7 9 12 14 15 17
1 5 6 8 10 13 15 16 18
2 3 4 7 9 11 12 14 17
1 5 6 8 11 13 15 16 18
2 3 4 7 9 10 12 14 17
1 5 7 8 10 11 13 16 18
2 3 4 6 9 12 14 15 17
1 5 7 8 10 13 15 16 18
2 3 4 6 9 11 12 14 17
1 5 7 8 11 13 15 16 18
2 3 4 6 9 10 12 14 17
1 5 8 10 11 13 15 16 18
2 3 4 6 7 9 12 14 17
