2.236068
1 2 3 4 11 13 14 16 17 18
5 6 7 8 9 10 12 15 19 20
1 2 3 7 8 9 11 13 14 17
4 5 6 10 12 15 16 18 19 20
1 2 3 8 9 11 13 14 17 19
4 5 6 7 10 12 15 16 18 20
1 2 4 7 8 9 13 14 16 18
3 5 6 10 11 12 15 17 19 20
1 2 4 8 9 13 14 16 18 19
3 5 6 7 10 11 12 15 17 20
1 2 5 6 10 12 13 14 15 20
3 4 7 8 9 11 16 17 18 19
1 3 4 7 11 13 16 17 18 19
2 5 6 8 9 10 12 14 15 20
1 3 4 8 9 11 13 16 17 18
2 5 6 7 10 12 14 15 19 20
1 5 6 7 10 12 13 15 19 20
2 3 4 8 9 11 14 16 17 18
1 5 6 8 9 10 12 13 15 20
2 3 4 7 11 14 16 17 18 19
