2.000000
1 2 3 4 5 6 12 14
7 8 9 10 11 13 15 16
1 2 3 4 6 9 12 14
5 7 8 10 11 13 15 16
1 2 3 4 6 11 12 14
5 7 8 9 10 13 15 16
1 2 3 4 6 12 14 15
5 7 8 9 10 11 13 16
1 2 3 5 6 7 9 13
4 8 10 11 12 14 15 16
1 2 3 5 6 7 11 13
4 8 9 10 12 14 15 16
1 2 3 5 6 7 13 15
4 8 9 10 11 12 14 16
1 2 3 5 6 8 10 16
4 7 9 11 12 13 14 15
1 2 3 5 6 9 11 15
4 7 8 10 12 13 14 16
1 2 3 6 7 9 11 13
4 5 8 10 12 14 15 16
1 2 3 6 7 9 13 15
4 5 8 10 11 12 14 16
1 2 3 6 7 11 13 15
4 5 8 9 10 12 14 16
1 2 3 6 8 9 10 16
4 5 7 11 12 13 14 15
1 2 3 6 8 10 11 16
4 5 7 9 12 13 14 15
1 2 3 6 8 10 15 16
4 5 7 9 11 12 13 14
1 4 5 7 9 12 13 14
2 3 6 8 10 11 15 16
1 4 5 7 11 12 13 14
2 3 6 8 9 10 15 16
1 4 5 7 12 13 14 15
2 3 6 8 9 10 11 16
1 4 5 8 10 12 14 16
2 3 6 7 9 11 13 15
1 4 5 9 11 12 14 15
2 3 6 7 8 10 13 16
1 4 7 9 11 12 13 14
2 3 5 6 8 10 15 16
1 4 7 9 12 13 14 15
2 3 5 6 8 10 11 16
1 4 7 11 12 13 14 15
2 3 5 6 8 9 10 16
1 4 8 9 10 12 14 16
2 3 5 6 7 11 13 15
1 4 8 10 11 12 14 16
2 3 5 6 7 9 13 15
1 4 8 10 12 14 15 16
2 3 5 6 7 9 11 13
1 5 7 8 9 10 13 16
2 3 4 6 11 12 14 15
1 5 7 8 10 11 13 16
2 3 4 6 9 12 14 15
1 5 7 8 10 13 15 16
2 3 4 6 9 11 12 14
1 5 8 9 10 11 15 16
2 3 4 6 7 12 13 14
1 7 8 9 10 11 13 16
2 3 4 5 6 12 14 15
1 7 8 9 10 13 15 16
2 3 4 5 6 11 12 14
1 7 8 10 11 13 15 16
2 3 4 5 6 9 12 14
