1.414214
1 2 3 4 5 13 14
6 7 8 9 10 11 12
1 2 3 4 6 13 14
5 7 8 9 10 11 12
1 2 3 4 7 13 14
5 6 8 9 10 11 12
1 2 3 4 8 13 14
5 6 7 9 10 11 12
1 2 3 4 9 13 14
5 6 7 8 10 11 12
1 2 3 4 10 13 14
5 6 7 8 9 11 12
1 2 3 4 11 13 14
5 6 7 8 9 10 12
1 2 3 4 12 13 14
5 6 7 8 9 10 11
1 5 6 7 8 9 10
2 3 4 11 12 13 14
1 5 6 7 8 9 11
2 3 4 10 12 13 14
1 5 6 7 8 9 12
2 3 4 10 11 13 14
1 5 6 7 8 10 11
2 3 4 9 12 13 14
1 5 6 7 8 10 12
2 3 4 9 11 13 14
1 5 6 7 8 11 12
2 3 4 9 10 13 14
1 5 6 7 9 10 11
2 3 4 8 12 13 14
1 5 6 7 9 10 12
2 3 4 8 11 13 14
1 5 6 7 9 11 12
2 3 4 8 10 13 14
1 5 6 7 10 11 12
2 3 4 8 9 13 14
1 5 6 8 9 10 11
2 3 4 7 12 13 14
1 5 6 8 9 10 12
2 3 4 7 11 13 14
1 5 6 8 9 11 12
2 3 4 7 10 13 14
1 5 6 8 10 11 12
2 3 4 7 9 13 14
1 5 6 9 10 11 12
2 3 4 7 8 13 14
1 5 7 8 9 10 11
2 3 4 6 12 13 14
1 5 7 8 9 10 12
2 3 4 6 11 13 14
1 5 7 8 9 11 12
2 3 4 6 10 13 14
1 5 7 8 10 11 12
2 3 4 6 9 13 14
1 5 7 9 10 11 12
2 3 4 6 8 13 14
1 5 8 9 10 11 12
2 3 4 6 7 13 14
1 6 7 8 9 10 11
2 3 4 5 12 13 14
1 6 7 8 9 10 12
2 3 4 5 11 13 14
1 6 7 8 9 11 12
2 3 4 5 10 13 14
1 6 7 8 10 11 12
2 3 4 5 9 13 14
1 6 7 9 10 11 12
2 3 4 5 8 13 14
1 6 8 9 10 11 12
2 3 4 5 7 13 14
1 7 8 9 10 11 12
2 3 4 5 6 13 14
