2.000000
1 2 3 4 5 6 12 13 18
7 8 9 10 11 14 15 16 17
1 2 3 4 5 7 8 16 17
6 9 10 11 12 13 14 15 18
1 2 3 4 5 9 10 11 14
6 7 8 12 13 15 16 17 18
1 2 3 4 5 9 10 11 15
6 7 8 12 13 14 16 17 18
1 2 3 4 5 9 10 14 15
6 7 8 11 12 13 16 17 18
1 2 3 4 5 9 11 14 15
6 7 8 10 12 13 16 17 18
1 2 3 4 5 10 11 14 15
6 7 8 9 12 13 16 17 18
1 2 3 4 6 9 12 13 18
5 7 8 10 11 14 15 16 17
1 2 3 4 6 10 12 13 18
5 7 8 9 11 14 15 16 17
1 2 3 4 6 11 12 13 18
5 7 8 9 10 14 15 16 17
1 2 3 4 6 12 13 14 18
5 7 8 9 10 11 15 16 17
1 2 3 4 6 12 13 15 18
5 7 8 9 10 11 14 16 17
1 2 3 4 7 8 9 16 17
5 6 10 11 12 13 14 15 18
1 2 3 4 7 8 10 16 17
5 6 9 11 12 13 14 15 18
1 2 3 4 7 8 11 16 17
5 6 9 10 12 13 14 15 18
1 2 3 4 7 8 14 16 17
5 6 9 10 11 12 13 15 18
1 2 3 4 7 8 15 16 17
5 6 9 10 11 12 13 14 18
1 2 3 4 9 10 11 14 15
5 6 7 8 12 13 16 17 18
1 2 5 6 9 10 12 13 18
3 4 7 8 11 14 15 16 17
1 2 5 6 9 11 12 13 18
3 4 7 8 10 14 15 16 17
1 2 5 6 9 12 13 14 18
3 4 7 8 10 11 15 16 17
1 2 5 6 9 12 13 15 18
3 4 7 8 10 11 14 16 17
1 2 5 6 10 11 12 13 18
3 4 7 8 9 14 15 16 17
1 2 5 6 10 12 13 14 18
3 4 7 8 9 11 15 16 17
1 2 5 6 10 12 13 15 18
3 4 7 8 9 11 14 16 17
1 2 5 6 11 12 13 14 18
3 4 7 8 9 10 15 16 17
1 2 5 6 11 12 13 15 18
3 4 7 8 9 10 14 16 17
1 2 5 6 12 13 14 15 18
3 4 7 8 9 10 11 16 17
1 2 5 7 8 9 10 16 17
3 4 6 11 12 13 14 15 18
1 2 5 7 8 9 11 16 17
3 4 6 10 12 13 14 15 18
1 2 5 7 8 9 14 16 17
3 4 6 10 11 12 13 15 18
1 2 5 7 8 9 15 16 17
3 4 6 10 11 12 13 14 18
1 2 5 7 8 10 11 16 17
3 4 6 9 12 13 14 15 18
1 2 5 7 8 10 14 16 17
3 4 6 9 11 12 13 15 18
1 2 5 7 8 10 15 16 17
3 4 6 9 11 12 13 14 18
1 2 5 7 8 11 14 16 17
3 4 6 9 10 12 13 15 18
1 2 5 7 8 11 15 16 17
3 4 6 9 10 12 13 14 18
1 2 5 7 8 14 15 16 17
3 4 6 9 10 11 12 13 18
1 2 6 9 10 11 12 13 18
3 4 5 7 8 14 15 16 17
1 2 6 9 10 12 13 14 18
3 4 5 7 8 11 15 16 17
1 2 6 9 10 12 13 15 18
3 4 5 7 8 11 14 16 17
1 2 6 9 11 12 13 14 18
3 4 5 7 8 10 15 16 17
1 2 6 9 11 12 13 15 18
3 4 5 7 8 10 14 16 17
1 2 6 9 12 13 14 15 18
3 4 5 7 8 10 11 16 17
1 2 6 10 11 12 13 14 18
3 4 5 7 8 9 15 16 17
1 2 6 10 11 12 13 15 18
3 4 5 7 8 9 14 16 17
1 2 6 10 12 13 14 15 18
3 4 5 7 8 9 11 16 17
1 2 6 11 12 13 14 15 18
3 4 5 7 8 9 10 16 17
1 2 7 8 9 10 11 16 17
3 4 5 6 12 13 14 15 18
1 2 7 8 9 10 14 16 17
3 4 5 6 11 12 13 15 18
1 2 7 8 9 10 15 16 17
3 4 5 6 11 12 13 14 18
1 2 7 8 9 11 14 16 17
3 4 5 6 10 12 13 15 18
1 2 7 8 9 11 15 16 17
3 4 5 6 10 12 13 14 18
1 2 7 8 9 14 15 16 17
3 4 5 6 10 11 12 13 18
1 2 7 8 10 11 14 16 17
3 4 5 6 9 12 13 15 18
1 2 7 8 10 11 15 16 17
3 4 5 6 9 12 13 14 18
1 2 7 8 10 14 15 16 17
3 4 5 6 9 11 12 13 18
1 2 7 8 11 14 15 16 17
3 4 5 6 9 10 12 13 18
1 3 4 5 6 9 12 13 18
2 7 8 10 11 14 15 16 17
1 3 4 5 6 10 12 13 18
2 7 8 9 11 14 15 16 17
1 3 4 5 6 11 12 13 18
2 7 8 9 10 14 15 16 17
1 3 4 5 6 12 13 14 18
2 7 8 9 10 11 15 16 17
1 3 4 5 6 12 13 15 18
2 7 8 9 10 11 14 16 17
1 3 4 5 7 8 9 16 17
2 6 10 11 12 13 14 15 18
1 3 4 5 7 8 10 16 17
2 6 9 11 12 13 14 15 18
1 3 4 5 7 8 11 16 17
2 6 9 10 12 13 14 15 18
1 3 4 5 7 8 14 16 17
2 6 9 10 11 12 13 15 18
1 3 4 5 7 8 15 16 17
2 6 9 10 11 12 13 14 18
1 3 4 5 9 10 11 14 15
2 6 7 8 12 13 16 17 18
1 3 4 6 9 10 12 13 18
2 5 7 8 11 14 15 16 17
1 3 4 6 9 11 12 13 18
2 5 7 8 10 14 15 16 17
1 3 4 6 9 12 13 14 18
2 5 7 8 10 11 15 16 17
1 3 4 6 9 12 13 15 18
2 5 7 8 10 11 14 16 17
1 3 4 6 10 11 12 13 18
2 5 7 8 9 14 15 16 17
1 3 4 6 10 12 13 14 18
2 5 7 8 9 11 15 16 17
1 3 4 6 10 12 13 15 18
2 5 7 8 9 11 14 16 17
1 3 4 6 11 12 13 14 18
2 5 7 8 9 10 15 16 17
1 3 4 6 11 12 13 15 18
2 5 7 8 9 10 14 16 17
1 3 4 6 12 13 14 15 18
2 5 7 8 9 10 11 16 17
1 3 4 7 8 9 10 16 17
2 5 6 11 12 13 14 15 18
1 3 4 7 8 9 11 16 17
2 5 6 10 12 13 14 15 18
1 3 4 7 8 9 14 16 17
2 5 6 10 11 12 13 15 18
1 3 4 7 8 9 15 16 17
2 5 6 10 11 12 13 14 18
1 3 4 7 8 10 11 16 17
2 5 6 9 12 13 14 15 18
1 3 4 7 8 10 14 16 17
2 5 6 9 11 12 13 15 18
1 3 4 7 8 10 15 16 17
2 5 6 9 11 12 13 14 18
1 3 4 7 8 11 14 16 17
2 5 6 9 10 12 13 15 18
1 3 4 7 8 11 15 16 17
2 5 6 9 10 12 13 14 18
1 3 4 7 8 14 15 16 17
2 5 6 9 10 11 12 13 18
1 5 6 9 10 11 12 13 18
2 3 4 7 8 14 15 16 17
1 5 6 9 10 12 13 14 18
2 3 4 7 8 11 15 16 17
1 5 6 9 10 12 13 15 18
2 3 4 7 8 11 14 16 17
1 5 6 9 11 12 13 14 18
2 3 4 7 8 10 15 16 17
1 5 6 9 11 12 13 15 18
2 3 4 7 8 10 14 16 17
1 5 6 9 12 13 14 15 18
2 3 4 7 8 10 11 16 17
1 5 6 10 11 12 13 14 18
2 3 4 7 8 9 15 16 17
1 5 6 10 11 12 13 15 18
2 3 4 7 8 9 14 16 17
1 5 6 10 12 13 14 15 18
2 3 4 7 8 9 11 16 17
1 5 6 11 12 13 14 15 18
2 3 4 7 8 9 10 16 17
1 5 7 8 9 10 11 16 17
2 3 4 6 12 13 14 15 18
1 5 7 8 9 10 14 16 17
2 3 4 6 11 12 13 15 18
1 5 7 8 9 10 15 16 17
2 3 4 6 11 12 13 14 18
1 5 7 8 9 11 14 16 17
2 3 4 6 10 12 13 15 18
1 5 7 8 9 11 15 16 17
2 3 4 6 10 12 13 14 18
1 5 7 8 9 14 15 16 17
2 3 4 6 10 11 12 13 18
1 5 7 8 10 11 14 16 17
2 3 4 6 9 12 13 15 18
1 5 7 8 10 11 15 16 17
2 3 4 6 9 12 13 14 18
1 5 7 8 10 14 15 16 17
2 3 4 6 9 11 12 13 18
1 5 7 8 11 14 15 16 17
2 3 4 6 9 10 12 13 18
1 6 7 8 12 13 16 17 18
2 3 4 5 9 10 11 14 15
1 6 9 10 11 12 13 14 18
2 3 4 5 7 8 15 16 17
1 6 9 10 11 12 13 15 18
2 3 4 5 7 8 14 16 17
1 6 9 10 12 13 14 15 18
2 3 4 5 7 8 11 16 17
1 6 9 11 12 13 14 15 18
2 3 4 5 7 8 10 16 17
1 6 10 11 12 13 14 15 18
2 3 4 5 7 8 9 16 17
1 7 8 9 10 11 14 16 17
2 3 4 5 6 12 13 15 18
1 7 8 9 10 11 15 16 17
2 3 4 5 6 12 13 14 18
1 7 8 9 10 14 15 16 17
2 3 4 5 6 11 12 13 18
1 7 8 9 11 14 15 16 17
2 3 4 5 6 10 12 13 18
1 7 8 10 11 14 15 16 17
2 3 4 5 6 9 12 13 18
