2.236068
1 2 3 6 10 12 13 16
4 5 7 8 9 11 14 15
1 2 3 8 9 10 13 16
4 5 6 7 11 12 14 15
1 2 3 10 13 14 15 16
4 5 6 7 8 9 11 12
1 2 4 5 7 10 11 13
3 6 8 9 12 14 15 16
1 2 6 8 9 10 12 13
3 4 5 7 11 14 15 16
1 2 6 10 12 13 14 15
3 4 5 7 8 9 11 16
1 2 8 9 10 13 14 15
3 4 5 6 7 11 12 16
1 3 4 5 7 10 11 16
2 6 8 9 12 13 14 15
1 3 6 8 9 10 12 16
2 4 5 7 11 13 14 15
1 3 6 10 12 14 15 16
2 4 5 7 8 9 11 13
1 3 8 9 10 14 15 16
2 4 5 6 7 11 12 13
1 4 5 6 7 10 11 12
2 3 8 9 13 14 15 16
1 4 5 7 8 9 10 11
2 3 6 12 13 14 15 16
1 4 5 7 10 11 14 15
2 3 6 8 9 12 13 16
1 6 8 9 10 12 14 15
2 3 4 5 7 11 13 16
