2.236068
1 2 4 5 6 7 9 11 13 17
3 8 10 12 14 15 16 18 19 20
1 2 4 5 6 7 13 14 15 17
3 8 9 10 11 12 16 18 19 20
1 2 4 5 6 7 13 14 17 20
3 8 9 10 11 12 15 16 18 19
1 2 4 5 6 7 13 15 17 20
3 8 9 10 11 12 14 16 18 19
1 2 4 5 7 9 11 13 14 17
3 6 8 10 12 15 16 18 19 20
1 2 4 5 7 9 11 13 15 17
3 6 8 10 12 14 16 18 19 20
1 2 4 5 7 9 11 13 17 20
3 6 8 10 12 14 15 16 18 19
1 2 4 5 7 13 14 15 17 20
3 6 8 9 10 11 12 16 18 19
1 2 4 6 9 11 13 14 15 17
3 5 7 8 10 12 16 18 19 20
1 2 4 6 9 11 13 14 17 20
3 5 7 8 10 12 15 16 18 19
1 2 4 6 9 11 13 15 17 20
3 5 7 8 10 12 14 16 18 19
1 2 4 9 11 13 14 15 17 20
3 5 6 7 8 10 12 16 18 19
1 3 5 7 8 10 12 16 18 19
2 4 6 9 11 13 14 15 17 20
1 3 6 8 10 12 14 16 18 19
2 4 5 7 9 11 13 15 17 20
1 3 6 8 10 12 15 16 18 19
2 4 5 7 9 11 13 14 17 20
1 3 6 8 10 12 16 18 19 20
2 4 5 7 9 11 13 14 15 17
1 3 8 9 10 11 12 16 18 19
2 4 5 6 7 13 14 15 17 20
1 3 8 10 12 14 15 16 18 19
2 4 5 6 7 9 11 13 17 20
1 3 8 10 12 14 16 18 19 20
2 4 5 6 7 9 11 13 15 17
1 3 8 10 12 15 16 18 19 20
2 4 5 6 7 9 11 13 14 17
