1.414214
1 2 3 7 8 9 14
4 5 6 10 11 12 13
1 2 3 8 10 11 14
4 5 6 7 9 12 13
1 2 3 8 10 13 14
4 5 6 7 9 11 12
1 2 3 8 11 13 14
4 5 6 7 9 10 12
1 2 4 5 6 12 14
3 7 8 9 10 11 13
1 2 7 9 10 11 14
3 4 5 6 8 12 13
1 2 7 9 10 13 14
3 4 5 6 8 11 12
1 2 7 9 11 13 14
3 4 5 6 8 10 12
1 3 4 5 6 8 12
2 7 9 10 11 13 14
1 3 7 8 9 10 11
2 4 5 6 12 13 14
1 3 7 8 9 10 13
2 4 5 6 11 12 14
1 3 7 8 9 11 13
2 4 5 6 10 12 14
1 4 5 6 7 9 12
2 3 8 10 11 13 14
1 4 5 6 10 11 12
2 3 7 8 9 13 14
1 4 5 6 10 12 13
2 3 7 8 9 11 14
1 4 5 6 11 12 13
2 3 7 8 9 10 14
