2.236068
1 2 4 6 7 8 12 14
3 5 9 10 11 13 15 16
1 2 4 7 8 9 12 14
3 5 6 10 11 13 15 16
1 2 4 7 8 10 12 14
3 5 6 9 11 13 15 16
1 2 4 7 8 11 12 14
3 5 6 9 10 13 15 16
1 2 4 7 8 12 14 15
3 5 6 9 10 11 13 16
1 2 4 7 8 12 14 16
3 5 6 9 10 11 13 15
1 4 6 7 8 9 12 14
2 3 5 10 11 13 15 16
1 4 6 7 8 10 12 14
2 3 5 9 11 13 15 16
1 4 6 7 8 11 12 14
2 3 5 9 10 13 15 16
1 4 6 7 8 12 14 15
2 3 5 9 10 11 13 16
1 4 6 7 8 12 14 16
2 3 5 9 10 11 13 15
1 4 7 8 9 10 12 14
2 3 5 6 11 13 15 16
1 4 7 8 9 11 12 14
2 3 5 6 10 13 15 16
1 4 7 8 9 12 14 15
2 3 5 6 10 11 13 16
1 4 7 8 9 12 14 16
2 3 5 6 10 11 13 15
1 4 7 8 10 11 12 14
2 3 5 6 9 13 15 16
1 4 7 8 10 12 14 15
2 3 5 6 9 11 13 16
1 4 7 8 10 12 14 16
2 3 5 6 9 11 13 15
1 4 7 8 11 12 14 15
2 3 5 6 9 10 13 16
1 4 7 8 11 12 14 16
2 3 5 6 9 10 13 15
1 4 7 8 12 14 15 16
2 3 5 6 9 10 11 13
