1.414214
1 2 3 4 5 6 12 14
7 8 9 10 11 13 15 16
1 2 3 4 7 8 9 12
5 6 10 11 13 14 15 16
1 2 3 4 7 8 12 13
5 6 9 10 11 14 15 16
1 2 3 4 7 8 12 15
5 6 9 10 11 13 14 16
1 2 3 4 7 8 12 16
5 6 9 10 11 13 14 15
1 2 3 4 7 9 12 13
5 6 8 10 11 14 15 16
1 2 3 4 7 9 12 15
5 6 8 10 11 13 14 16
1 2 3 4 7 9 12 16
5 6 8 10 11 13 14 15
1 2 3 4 7 10 11 12
5 6 8 9 13 14 15 16
1 2 3 4 7 12 13 15
5 6 8 9 10 11 14 16
1 2 3 4 7 12 13 16
5 6 8 9 10 11 14 15
1 2 3 4 7 12 15 16
5 6 8 9 10 11 13 14
1 2 3 4 8 9 12 13
5 6 7 10 11 14 15 16
1 2 3 4 8 9 12 15
5 6 7 10 11 13 14 16
1 2 3 4 8 9 12 16
5 6 7 10 11 13 14 15
1 2 3 4 8 10 11 12
5 6 7 9 13 14 15 16
1 2 3 4 8 12 13 15
5 6 7 9 10 11 14 16
1 2 3 4 8 12 13 16
5 6 7 9 10 11 14 15
1 2 3 4 8 12 15 16
5 6 7 9 10 11 13 14
1 2 3 4 9 10 11 12
5 6 7 8 13 14 15 16
1 2 3 4 9 12 13 15
5 6 7 8 10 11 14 16
1 2 3 4 9 12 13 16
5 6 7 8 10 11 14 15
1 2 3 4 9 12 15 16
5 6 7 8 10 11 13 14
1 2 3 4 10 11 12 13
5 6 7 8 9 14 15 16
1 2 3 4 10 11 12 15
5 6 7 8 9 13 14 16
1 2 3 4 10 11 12 16
5 6 7 8 9 13 14 15
1 2 3 4 12 13 15 16
5 6 7 8 9 10 11 14
1 2 3 5 6 7 8 14
4 9 10 11 12 13 15 16
1 2 3 5 6 7 9 14
4 8 10 11 12 13 15 16
1 2 3 5 6 7 13 14
4 8 9 10 11 12 15 16
1 2 3 5 6 7 14 15
4 8 9 10 11 12 13 16
1 2 3 5 6 7 14 16
4 8 9 10 11 12 13 15
1 2 3 5 6 8 9 14
4 7 10 11 12 13 15 16
1 2 3 5 6 8 13 14
4 7 9 10 11 12 15 16
1 2 3 5 6 8 14 15
4 7 9 10 11 12 13 16
1 2 3 5 6 8 14 16
4 7 9 10 11 12 13 15
1 2 3 5 6 9 13 14
4 7 8 10 11 12 15 16
1 2 3 5 6 9 14 15
4 7 8 10 11 12 13 16
1 2 3 5 6 9 14 16
4 7 8 10 11 12 13 15
1 2 3 5 6 10 11 14
4 7 8 9 12 13 15 16
1 2 3 5 6 13 14 15
4 7 8 9 10 11 12 16
1 2 3 5 6 13 14 16
4 7 8 9 10 11 12 15
1 2 3 5 6 14 15 16
4 7 8 9 10 11 12 13
1 2 3 7 8 9 10 11
4 5 6 12 13 14 15 16
1 2 3 7 8 9 13 15
4 5 6 10 11 12 14 16
1 2 3 7 8 9 13 16
4 5 6 10 11 12 14 15
1 2 3 7 8 9 15 16
4 5 6 10 11 12 13 14
1 2 3 7 8 10 11 13
4 5 6 9 12 14 15 16
1 2 3 7 8 10 11 15
4 5 6 9 12 13 14 16
1 2 3 7 8 10 11 16
4 5 6 9 12 13 14 15
1 2 3 7 8 13 15 16
4 5 6 9 10 11 12 14
1 2 3 7 9 10 11 13
4 5 6 8 12 14 15 16
1 2 3 7 9 10 11 15
4 5 6 8 12 13 14 16
1 2 3 7 9 10 11 16
4 5 6 8 12 13 14 15
1 2 3 7 9 13 15 16
4 5 6 8 10 11 12 14
1 2 3 7 10 11 13 15
4 5 6 8 9 12 14 16
1 2 3 7 10 11 13 16
4 5 6 8 9 12 14 15
1 2 3 7 10 11 15 16
4 5 6 8 9 12 13 14
1 2 3 8 9 10 11 13
4 5 6 7 12 14 15 16
1 2 3 8 9 10 11 15
4 5 6 7 12 13 14 16
1 2 3 8 9 10 11 16
4 5 6 7 12 13 14 15
1 2 3 8 9 13 15 16
4 5 6 7 10 11 12 14
1 2 3 8 10 11 13 15
4 5 6 7 9 12 14 16
1 2 3 8 10 11 13 16
4 5 6 7 9 12 14 15
1 2 3 8 10 11 15 16
4 5 6 7 9 12 13 14
1 2 3 9 10 11 13 15
4 5 6 7 8 12 14 16
1 2 3 9 10 11 13 16
4 5 6 7 8 12 14 15
1 2 3 9 10 11 15 16
4 5 6 7 8 12 13 14
1 2 3 10 11 13 15 16
4 5 6 7 8 9 12 14
1 3 4 5 6 7 12 14
2 8 9 10 11 13 15 16
1 3 4 5 6 8 12 14
2 7 9 10 11 13 15 16
1 3 4 5 6 9 12 14
2 7 8 10 11 13 15 16
1 3 4 5 6 12 13 14
2 7 8 9 10 11 15 16
1 3 4 5 6 12 14 15
2 7 8 9 10 11 13 16
1 3 4 5 6 12 14 16
2 7 8 9 10 11 13 15
1 3 4 7 8 9 12 13
2 5 6 10 11 14 15 16
1 3 4 7 8 9 12 15
2 5 6 10 11 13 14 16
1 3 4 7 8 9 12 16
2 5 6 10 11 13 14 15
1 3 4 7 8 10 11 12
2 5 6 9 13 14 15 16
1 3 4 7 8 12 13 15
2 5 6 9 10 11 14 16
1 3 4 7 8 12 13 16
2 5 6 9 10 11 14 15
1 3 4 7 8 12 15 16
2 5 6 9 10 11 13 14
1 3 4 7 9 10 11 12
2 5 6 8 13 14 15 16
1 3 4 7 9 12 13 15
2 5 6 8 10 11 14 16
1 3 4 7 9 12 13 16
2 5 6 8 10 11 14 15
1 3 4 7 9 12 15 16
2 5 6 8 10 11 13 14
1 3 4 7 10 11 12 13
2 5 6 8 9 14 15 16
1 3 4 7 10 11 12 15
2 5 6 8 9 13 14 16
1 3 4 7 10 11 12 16
2 5 6 8 9 13 14 15
1 3 4 7 12 13 15 16
2 5 6 8 9 10 11 14
1 3 4 8 9 10 11 12
2 5 6 7 13 14 15 16
1 3 4 8 9 12 13 15
2 5 6 7 10 11 14 16
1 3 4 8 9 12 13 16
2 5 6 7 10 11 14 15
1 3 4 8 9 12 15 16
2 5 6 7 10 11 13 14
1 3 4 8 10 11 12 13
2 5 6 7 9 14 15 16
1 3 4 8 10 11 12 15
2 5 6 7 9 13 14 16
1 3 4 8 10 11 12 16
2 5 6 7 9 13 14 15
1 3 4 8 12 13 15 16
2 5 6 7 9 10 11 14
1 3 4 9 10 11 12 13
2 5 6 7 8 14 15 16
1 3 4 9 10 11 12 15
2 5 6 7 8 13 14 16
1 3 4 9 10 11 12 16
2 5 6 7 8 13 14 15
1 3 4 9 12 13 15 16
2 5 6 7 8 10 11 14
1 3 4 10 11 12 13 15
2 5 6 7 8 9 14 16
1 3 4 10 11 12 13 16
2 5 6 7 8 9 14 15
1 3 4 10 11 12 15 16
2 5 6 7 8 9 13 14
1 3 5 6 7 8 9 14
2 4 10 11 12 13 15 16
1 3 5 6 7 8 13 14
2 4 9 10 11 12 15 16
1 3 5 6 7 8 14 15
2 4 9 10 11 12 13 16
1 3 5 6 7 8 14 16
2 4 9 10 11 12 13 15
1 3 5 6 7 9 13 14
2 4 8 10 11 12 15 16
1 3 5 6 7 9 14 15
2 4 8 10 11 12 13 16
1 3 5 6 7 9 14 16
2 4 8 10 11 12 13 15
1 3 5 6 7 10 11 14
2 4 8 9 12 13 15 16
1 3 5 6 7 13 14 15
2 4 8 9 10 11 12 16
1 3 5 6 7 13 14 16
2 4 8 9 10 11 12 15
1 3 5 6 7 14 15 16
2 4 8 9 10 11 12 13
1 3 5 6 8 9 13 14
2 4 7 10 11 12 15 16
1 3 5 6 8 9 14 15
2 4 7 10 11 12 13 16
1 3 5 6 8 9 14 16
2 4 7 10 11 12 13 15
1 3 5 6 8 10 11 14
2 4 7 9 12 13 15 16
1 3 5 6 8 13 14 15
2 4 7 9 10 11 12 16
1 3 5 6 8 13 14 16
2 4 7 9 10 11 12 15
1 3 5 6 8 14 15 16
2 4 7 9 10 11 12 13
1 3 5 6 9 10 11 14
2 4 7 8 12 13 15 16
1 3 5 6 9 13 14 15
2 4 7 8 10 11 12 16
1 3 5 6 9 13 14 16
2 4 7 8 10 11 12 15
1 3 5 6 9 14 15 16
2 4 7 8 10 11 12 13
1 3 5 6 10 11 13 14
2 4 7 8 9 12 15 16
1 3 5 6 10 11 14 15
2 4 7 8 9 12 13 16
1 3 5 6 10 11 14 16
2 4 7 8 9 12 13 15
1 3 5 6 13 14 15 16
2 4 7 8 9 10 11 12
1 3 7 8 9 10 11 13
2 4 5 6 12 14 15 16
1 3 7 8 9 10 11 15
2 4 5 6 12 13 14 16
1 3 7 8 9 10 11 16
2 4 5 6 12 13 14 15
1 3 7 8 9 13 15 16
2 4 5 6 10 11 12 14
1 3 7 8 10 11 13 15
2 4 5 6 9 12 14 16
1 3 7 8 10 11 13 16
2 4 5 6 9 12 14 15
1 3 7 8 10 11 15 16
2 4 5 6 9 12 13 14
1 3 7 9 10 11 13 15
2 4 5 6 8 12 14 16
1 3 7 9 10 11 13 16
2 4 5 6 8 12 14 15
1 3 7 9 10 11 15 16
2 4 5 6 8 12 13 14
1 3 7 10 11 13 15 16
2 4 5 6 8 9 12 14
1 3 8 9 10 11 13 15
2 4 5 6 7 12 14 16
1 3 8 9 10 11 13 16
2 4 5 6 7 12 14 15
1 3 8 9 10 11 15 16
2 4 5 6 7 12 13 14
1 3 8 10 11 13 15 16
2 4 5 6 7 9 12 14
1 3 9 10 11 13 15 16
2 4 5 6 7 8 12 14
