2.236068
1 2 3 6 8 10 13 14 17 20 22
4 5 7 9 11 12 15 16 18 19 21
1 2 4 5 7 9 10 11 12 15 19
3 6 8 13 14 16 17 18 20 21 22
1 2 4 5 7 9 10 11 12 16 19
3 6 8 13 14 15 17 18 20 21 22
1 2 4 5 7 9 10 11 12 18 19
3 6 8 13 14 15 16 17 20 21 22
1 2 4 5 7 9 10 11 12 19 21
3 6 8 13 14 15 16 17 18 20 22
1 2 4 5 7 10 11 12 15 16 19
3 6 8 9 13 14 17 18 20 21 22
1 2 4 5 7 10 11 12 15 18 19
3 6 8 9 13 14 16 17 20 21 22
1 2 4 5 7 10 11 12 15 19 21
3 6 8 9 13 14 16 17 18 20 22
1 2 4 5 7 10 11 12 16 18 19
3 6 8 9 13 14 15 17 20 21 22
1 2 4 5 7 10 11 12 16 19 21
3 6 8 9 13 14 15 17 18 20 22
1 2 4 5 7 10 11 12 18 19 21
3 6 8 9 13 14 15 16 17 20 22
1 2 4 5 9 10 11 12 15 16 18
3 6 7 8 13 14 17 19 20 21 22
1 2 4 5 9 10 11 12 15 16 21
3 6 7 8 13 14 17 18 19 20 22
1 2 4 5 9 10 11 12 15 18 21
3 6 7 8 13 14 16 17 19 20 22
1 2 4 5 9 10 11 12 16 18 21
3 6 7 8 13 14 15 17 19 20 22
1 2 4 5 10 11 12 15 16 18 21
3 6 7 8 9 13 14 17 19 20 22
1 2 4 7 9 10 11 15 16 18 19
3 5 6 8 12 13 14 17 20 21 22
1 2 4 7 9 10 11 15 16 19 21
3 5 6 8 12 13 14 17 18 20 22
1 2 4 7 9 10 11 15 18 19 21
3 5 6 8 12 13 14 16 17 20 22
1 2 4 7 9 10 11 16 18 19 21
3 5 6 8 12 13 14 15 17 20 22
1 2 4 7 10 11 15 16 18 19 21
3 5 6 8 9 12 13 14 17 20 22
1 2 5 7 9 10 12 15 16 18 19
3 4 6 8 11 13 14 17 20 21 22
1 2 5 7 9 10 12 15 16 19 21
3 4 6 8 11 13 14 17 18 20 22
1 2 5 7 9 10 12 15 18 19 21
3 4 6 8 11 13 14 16 17 20 22
1 2 5 7 9 10 12 16 18 19 21
3 4 6 8 11 13 14 15 17 20 22
1 2 5 7 10 12 15 16 18 19 21
3 4 6 8 9 11 13 14 17 20 22
