2.000000
1 2 3 4 5 6 7 11 12
8 9 10 13 14 15 16 17 18
1 2 3 4 5 6 7 11 16
8 9 10 12 13 14 15 17 18
1 2 3 4 5 6 7 11 17
8 9 10 12 13 14 15 16 18
1 2 3 4 5 6 7 11 18
8 9 10 12 13 14 15 16 17
1 2 3 4 5 7 11 12 16
6 8 9 10 13 14 15 17 18
1 2 3 4 5 7 11 12 17
6 8 9 10 13 14 15 16 18
1 2 3 4 5 7 11 12 18
6 8 9 10 13 14 15 16 17
1 2 3 4 5 7 11 16 17
6 8 9 10 12 13 14 15 18
1 2 3 4 5 7 11 16 18
6 8 9 10 12 13 14 15 17
1 2 3 4 5 7 11 17 18
6 8 9 10 12 13 14 15 16
1 2 4 6 7 8 12 13 15
3 5 9 10 11 14 16 17 18
1 2 4 6 7 8 13 15 16
3 5 9 10 11 12 14 17 18
1 2 4 6 7 8 13 15 17
3 5 9 10 11 12 14 16 18
1 2 4 6 7 8 13 15 18
3 5 9 10 11 12 14 16 17
1 2 4 6 7 9 10 12 14
3 5 8 11 13 15 16 17 18
1 2 4 6 7 9 10 14 16
3 5 8 11 12 13 15 17 18
1 2 4 6 7 9 10 14 17
3 5 8 11 12 13 15 16 18
1 2 4 6 7 9 10 14 18
3 5 8 11 12 13 15 16 17
1 2 4 6 7 12 16 17 18
3 5 8 9 10 11 13 14 15
1 2 4 7 8 12 13 15 16
3 5 6 9 10 11 14 17 18
1 2 4 7 8 12 13 15 17
3 5 6 9 10 11 14 16 18
1 2 4 7 8 12 13 15 18
3 5 6 9 10 11 14 16 17
1 2 4 7 8 13 15 16 17
3 5 6 9 10 11 12 14 18
1 2 4 7 8 13 15 16 18
3 5 6 9 10 11 12 14 17
1 2 4 7 8 13 15 17 18
3 5 6 9 10 11 12 14 16
1 2 4 7 9 10 12 14 16
3 5 6 8 11 13 15 17 18
1 2 4 7 9 10 12 14 17
3 5 6 8 11 13 15 16 18
1 2 4 7 9 10 12 14 18
3 5 6 8 11 13 15 16 17
1 2 4 7 9 10 14 16 17
3 5 6 8 11 12 13 15 18
1 2 4 7 9 10 14 16 18
3 5 6 8 11 12 13 15 17
1 2 4 7 9 10 14 17 18
3 5 6 8 11 12 13 15 16
1 3 5 6 7 8 11 13 15
2 4 9 10 12 14 16 17 18
1 3 5 6 7 9 10 11 14
2 4 8 12 13 15 16 17 18
1 3 5 6 7 11 12 16 17
2 4 8 9 10 13 14 15 18
1 3 5 6 7 11 12 16 18
2 4 8 9 10 13 14 15 17
1 3 5 6 7 11 12 17 18
2 4 8 9 10 13 14 15 16
1 3 5 6 7 11 16 17 18
2 4 8 9 10 12 13 14 15
1 3 5 7 8 11 12 13 15
2 4 6 9 10 14 16 17 18
1 3 5 7 8 11 13 15 16
2 4 6 9 10 12 14 17 18
1 3 5 7 8 11 13 15 17
2 4 6 9 10 12 14 16 18
1 3 5 7 8 11 13 15 18
2 4 6 9 10 12 14 16 17
1 3 5 7 9 10 11 12 14
2 4 6 8 13 15 16 17 18
1 3 5 7 9 10 11 14 16
2 4 6 8 12 13 15 17 18
1 3 5 7 9 10 11 14 17
2 4 6 8 12 13 15 16 18
1 3 5 7 9 10 11 14 18
2 4 6 8 12 13 15 16 17
1 3 5 7 11 12 16 17 18
2 4 6 8 9 10 13 14 15
1 6 7 8 9 10 13 14 15
2 3 4 5 11 12 16 17 18
1 6 7 8 12 13 15 16 17
2 3 4 5 9 10 11 14 18
1 6 7 8 12 13 15 16 18
2 3 4 5 9 10 11 14 17
1 6 7 8 12 13 15 17 18
2 3 4 5 9 10 11 14 16
1 6 7 8 13 15 16 17 18
2 3 4 5 9 10 11 12 14
1 6 7 9 10 12 14 16 17
2 3 4 5 8 11 13 15 18
1 6 7 9 10 12 14 16 18
2 3 4 5 8 11 13 15 17
1 6 7 9 10 12 14 17 18
2 3 4 5 8 11 13 15 16
1 6 7 9 10 14 16 17 18
2 3 4 5 8 11 12 13 15
1 7 8 9 10 12 13 14 15
2 3 4 5 6 11 16 17 18
1 7 8 9 10 13 14 15 16
2 3 4 5 6 11 12 17 18
1 7 8 9 10 13 14 15 17
2 3 4 5 6 11 12 16 18
1 7 8 9 10 13 14 15 18
2 3 4 5 6 11 12 16 17
1 7 8 12 13 15 16 17 18
2 3 4 5 6 9 10 11 14
1 7 9 10 12 14 16 17 18
2 3 4 5 6 8 11 13 15
