2.000000
1 2 3 4 5 6 7 10 11 12
8 9 13 14 15 16 17 18 19 20
1 2 3 4 5 6 8 10 11 12
7 9 13 14 15 16 17 18 19 20
1 2 3 4 5 6 10 11 12 13
7 8 9 14 15 16 17 18 19 20
1 2 3 4 5 6 10 11 12 14
7 8 9 13 15 16 17 18 19 20
1 2 3 4 5 6 10 11 12 15
7 8 9 13 14 16 17 18 19 20
1 2 3 4 7 8 9 10 13 17
5 6 11 12 14 15 16 18 19 20
1 2 3 4 7 8 9 10 14 17
5 6 11 12 13 15 16 18 19 20
1 2 3 4 7 8 9 10 15 17
5 6 11 12 13 14 16 18 19 20
1 2 3 4 7 8 10 13 14 15
5 6 9 11 12 16 17 18 19 20
1 2 3 4 7 8 10 13 16 19
5 6 9 11 12 14 15 17 18 20
1 2 3 4 7 8 10 13 18 20
5 6 9 11 12 14 15 16 17 19
1 2 3 4 7 8 10 14 16 19
5 6 9 11 12 13 15 17 18 20
1 2 3 4 7 8 10 14 18 20
5 6 9 11 12 13 15 16 17 19
1 2 3 4 7 8 10 15 16 19
5 6 9 11 12 13 14 17 18 20
1 2 3 4 7 8 10 15 18 20
5 6 9 11 12 13 14 16 17 19
1 2 3 4 7 9 10 13 14 17
5 6 8 11 12 15 16 18 19 20
1 2 3 4 7 9 10 13 15 17
5 6 8 11 12 14 16 18 19 20
1 2 3 4 7 9 10 14 15 17
5 6 8 11 12 13 16 18 19 20
1 2 3 4 7 9 10 16 17 19
5 6 8 11 12 13 14 15 18 20
1 2 3 4 7 9 10 17 18 20
5 6 8 11 12 13 14 15 16 19
1 2 3 4 7 10 13 14 16 19
5 6 8 9 11 12 15 17 18 20
1 2 3 4 7 10 13 14 18 20
5 6 8 9 11 12 15 16 17 19
1 2 3 4 7 10 13 15 16 19
5 6 8 9 11 12 14 17 18 20
1 2 3 4 7 10 13 15 18 20
5 6 8 9 11 12 14 16 17 19
1 2 3 4 7 10 14 15 16 19
5 6 8 9 11 12 13 17 18 20
1 2 3 4 7 10 14 15 18 20
5 6 8 9 11 12 13 16 17 19
1 2 3 4 7 10 16 18 19 20
5 6 8 9 11 12 13 14 15 17
1 2 3 4 8 9 10 13 14 17
5 6 7 11 12 15 16 18 19 20
1 2 3 4 8 9 10 13 15 17
5 6 7 11 12 14 16 18 19 20
1 2 3 4 8 9 10 14 15 17
5 6 7 11 12 13 16 18 19 20
1 2 3 4 8 9 10 16 17 19
5 6 7 11 12 13 14 15 18 20
1 2 3 4 8 9 10 17 18 20
5 6 7 11 12 13 14 15 16 19
1 2 3 4 8 10 13 14 16 19
5 6 7 9 11 12 15 17 18 20
1 2 3 4 8 10 13 14 18 20
5 6 7 9 11 12 15 16 17 19
1 2 3 4 8 10 13 15 16 19
5 6 7 9 11 12 14 17 18 20
1 2 3 4 8 10 13 15 18 20
5 6 7 9 11 12 14 16 17 19
1 2 3 4 8 10 14 15 16 19
5 6 7 9 11 12 13 17 18 20
1 2 3 4 8 10 14 15 18 20
5 6 7 9 11 12 13 16 17 19
1 2 3 4 8 10 16 18 19 20
5 6 7 9 11 12 13 14 15 17
1 2 3 4 9 10 13 14 15 17
5 6 7 8 11 12 16 18 19 20
1 2 3 4 9 10 13 16 17 19
5 6 7 8 11 12 14 15 18 20
1 2 3 4 9 10 13 17 18 20
5 6 7 8 11 12 14 15 16 19
1 2 3 4 9 10 14 16 17 19
5 6 7 8 11 12 13 15 18 20
1 2 3 4 9 10 14 17 18 20
5 6 7 8 11 12 13 15 16 19
1 2 3 4 9 10 15 16 17 19
5 6 7 8 11 12 13 14 18 20
1 2 3 4 9 10 15 17 18 20
5 6 7 8 11 12 13 14 16 19
1 2 3 4 10 13 14 15 16 19
5 6 7 8 9 11 12 17 18 20
1 2 3 4 10 13 14 15 18 20
5 6 7 8 9 11 12 16 17 19
1 2 3 4 10 13 16 18 19 20
5 6 7 8 9 11 12 14 15 17
1 2 3 4 10 14 16 18 19 20
5 6 7 8 9 11 12 13 15 17
1 2 3 4 10 15 16 18 19 20
5 6 7 8 9 11 12 13 14 17
1 2 4 5 6 7 8 10 11 12
3 9 13 14 15 16 17 18 19 20
1 2 4 5 6 7 10 11 12 13
3 8 9 14 15 16 17 18 19 20
1 2 4 5 6 7 10 11 12 14
3 8 9 13 15 16 17 18 19 20
1 2 4 5 6 7 10 11 12 15
3 8 9 13 14 16 17 18 19 20
1 2 4 5 6 8 10 11 12 13
3 7 9 14 15 16 17 18 19 20
1 2 4 5 6 8 10 11 12 14
3 7 9 13 15 16 17 18 19 20
1 2 4 5 6 8 10 11 12 15
3 7 9 13 14 16 17 18 19 20
1 2 4 5 6 9 10 11 12 17
3 7 8 13 14 15 16 18 19 20
1 2 4 5 6 10 11 12 13 14
3 7 8 9 15 16 17 18 19 20
1 2 4 5 6 10 11 12 13 15
3 7 8 9 14 16 17 18 19 20
1 2 4 5 6 10 11 12 14 15
3 7 8 9 13 16 17 18 19 20
1 2 4 5 6 10 11 12 16 19
3 7 8 9 13 14 15 17 18 20
1 2 4 5 6 10 11 12 18 20
3 7 8 9 13 14 15 16 17 19
1 2 4 7 8 9 10 13 14 17
3 5 6 11 12 15 16 18 19 20
1 2 4 7 8 9 10 13 15 17
3 5 6 11 12 14 16 18 19 20
1 2 4 7 8 9 10 14 15 17
3 5 6 11 12 13 16 18 19 20
1 2 4 7 8 9 10 16 17 19
3 5 6 11 12 13 14 15 18 20
1 2 4 7 8 9 10 17 18 20
3 5 6 11 12 13 14 15 16 19
1 2 4 7 8 10 13 14 16 19
3 5 6 9 11 12 15 17 18 20
1 2 4 7 8 10 13 14 18 20
3 5 6 9 11 12 15 16 17 19
1 2 4 7 8 10 13 15 16 19
3 5 6 9 11 12 14 17 18 20
1 2 4 7 8 10 13 15 18 20
3 5 6 9 11 12 14 16 17 19
1 2 4 7 8 10 14 15 16 19
3 5 6 9 11 12 13 17 18 20
1 2 4 7 8 10 14 15 18 20
3 5 6 9 11 12 13 16 17 19
1 2 4 7 8 10 16 18 19 20
3 5 6 9 11 12 13 14 15 17
1 2 4 7 9 10 13 14 15 17
3 5 6 8 11 12 16 18 19 20
1 2 4 7 9 10 13 16 17 19
3 5 6 8 11 12 14 15 18 20
1 2 4 7 9 10 13 17 18 20
3 5 6 8 11 12 14 15 16 19
1 2 4 7 9 10 14 16 17 19
3 5 6 8 11 12 13 15 18 20
1 2 4 7 9 10 14 17 18 20
3 5 6 8 11 12 13 15 16 19
1 2 4 7 9 10 15 16 17 19
3 5 6 8 11 12 13 14 18 20
1 2 4 7 9 10 15 17 18 20
3 5 6 8 11 12 13 14 16 19
1 2 4 7 10 13 14 15 16 19
3 5 6 8 9 11 12 17 18 20
1 2 4 7 10 13 14 15 18 20
3 5 6 8 9 11 12 16 17 19
1 2 4 7 10 13 16 18 19 20
3 5 6 8 9 11 12 14 15 17
1 2 4 7 10 14 16 18 19 20
3 5 6 8 9 11 12 13 15 17
1 2 4 7 10 15 16 18 19 20
3 5 6 8 9 11 12 13 14 17
1 2 4 8 9 10 13 14 15 17
3 5 6 7 11 12 16 18 19 20
1 2 4 8 9 10 13 16 17 19
3 5 6 7 11 12 14 15 18 20
1 2 4 8 9 10 13 17 18 20
3 5 6 7 11 12 14 15 16 19
1 2 4 8 9 10 14 16 17 19
3 5 6 7 11 12 13 15 18 20
1 2 4 8 9 10 14 17 18 20
3 5 6 7 11 12 13 15 16 19
1 2 4 8 9 10 15 16 17 19
3 5 6 7 11 12 13 14 18 20
1 2 4 8 9 10 15 17 18 20
3 5 6 7 11 12 13 14 16 19
1 2 4 8 10 13 14 15 16 19
3 5 6 7 9 11 12 17 18 20
1 2 4 8 10 13 14 15 18 20
3 5 6 7 9 11 12 16 17 19
1 2 4 8 10 13 16 18 19 20
3 5 6 7 9 11 12 14 15 17
1 2 4 8 10 14 16 18 19 20
3 5 6 7 9 11 12 13 15 17
1 2 4 8 10 15 16 18 19 20
3 5 6 7 9 11 12 13 14 17
1 2 4 9 10 13 14 16 17 19
3 5 6 7 8 11 12 15 18 20
1 2 4 9 10 13 14 17 18 20
3 5 6 7 8 11 12 15 16 19
1 2 4 9 10 13 15 16 17 19
3 5 6 7 8 11 12 14 18 20
1 2 4 9 10 13 15 17 18 20
3 5 6 7 8 11 12 14 16 19
1 2 4 9 10 14 15 16 17 19
3 5 6 7 8 11 12 13 18 20
1 2 4 9 10 14 15 17 18 20
3 5 6 7 8 11 12 13 16 19
1 2 4 9 10 16 17 18 19 20
3 5 6 7 8 11 12 13 14 15
1 2 4 10 13 14 16 18 19 20
3 5 6 7 8 9 11 12 15 17
1 2 4 10 13 15 16 18 19 20
3 5 6 7 8 9 11 12 14 17
1 2 4 10 14 15 16 18 19 20
3 5 6 7 8 9 11 12 13 17
1 3 4 5 6 7 8 10 11 12
2 9 13 14 15 16 17 18 19 20
1 3 4 5 6 7 10 11 12 13
2 8 9 14 15 16 17 18 19 20
1 3 4 5 6 7 10 11 12 14
2 8 9 13 15 16 17 18 19 20
1 3 4 5 6 7 10 11 12 15
2 8 9 13 14 16 17 18 19 20
1 3 4 5 6 8 10 11 12 13
2 7 9 14 15 16 17 18 19 20
1 3 4 5 6 8 10 11 12 14
2 7 9 13 15 16 17 18 19 20
1 3 4 5 6 8 10 11 12 15
2 7 9 13 14 16 17 18 19 20
1 3 4 5 6 9 10 11 12 17
2 7 8 13 14 15 16 18 19 20
1 3 4 5 6 10 11 12 13 14
2 7 8 9 15 16 17 18 19 20
1 3 4 5 6 10 11 12 13 15
2 7 8 9 14 16 17 18 19 20
1 3 4 5 6 10 11 12 14 15
2 7 8 9 13 16 17 18 19 20
1 3 4 5 6 10 11 12 16 19
2 7 8 9 13 14 15 17 18 20
1 3 4 5 6 10 11 12 18 20
2 7 8 9 13 14 15 16 17 19
1 3 4 7 8 9 10 13 14 17
2 5 6 11 12 15 16 18 19 20
1 3 4 7 8 9 10 13 15 17
2 5 6 11 12 14 16 18 19 20
1 3 4 7 8 9 10 14 15 17
2 5 6 11 12 13 16 18 19 20
1 3 4 7 8 9 10 16 17 19
2 5 6 11 12 13 14 15 18 20
1 3 4 7 8 9 10 17 18 20
2 5 6 11 12 13 14 15 16 19
1 3 4 7 8 10 13 14 16 19
2 5 6 9 11 12 15 17 18 20
1 3 4 7 8 10 13 14 18 20
2 5 6 9 11 12 15 16 17 19
1 3 4 7 8 10 13 15 16 19
2 5 6 9 11 12 14 17 18 20
1 3 4 7 8 10 13 15 18 20
2 5 6 9 11 12 14 16 17 19
1 3 4 7 8 10 14 15 16 19
2 5 6 9 11 12 13 17 18 20
1 3 4 7 8 10 14 15 18 20
2 5 6 9 11 12 13 16 17 19
1 3 4 7 8 10 16 18 19 20
2 5 6 9 11 12 13 14 15 17
1 3 4 7 9 10 13 14 15 17
2 5 6 8 11 12 16 18 19 20
1 3 4 7 9 10 13 16 17 19
2 5 6 8 11 12 14 15 18 20
1 3 4 7 9 10 13 17 18 20
2 5 6 8 11 12 14 15 16 19
1 3 4 7 9 10 14 16 17 19
2 5 6 8 11 12 13 15 18 20
1 3 4 7 9 10 14 17 18 20
2 5 6 8 11 12 13 15 16 19
1 3 4 7 9 10 15 16 17 19
2 5 6 8 11 12 13 14 18 20
1 3 4 7 9 10 15 17 18 20
2 5 6 8 11 12 13 14 16 19
1 3 4 7 10 13 14 15 16 19
2 5 6 8 9 11 12 17 18 20
1 3 4 7 10 13 14 15 18 20
2 5 6 8 9 11 12 16 17 19
1 3 4 7 10 13 16 18 19 20
2 5 6 8 9 11 12 14 15 17
1 3 4 7 10 14 16 18 19 20
2 5 6 8 9 11 12 13 15 17
1 3 4 7 10 15 16 18 19 20
2 5 6 8 9 11 12 13 14 17
1 3 4 8 9 10 13 14 15 17
2 5 6 7 11 12 16 18 19 20
1 3 4 8 9 10 13 16 17 19
2 5 6 7 11 12 14 15 18 20
1 3 4 8 9 10 13 17 18 20
2 5 6 7 11 12 14 15 16 19
1 3 4 8 9 10 14 16 17 19
2 5 6 7 11 12 13 15 18 20
1 3 4 8 9 10 14 17 18 20
2 5 6 7 11 12 13 15 16 19
1 3 4 8 9 10 15 16 17 19
2 5 6 7 11 12 13 14 18 20
1 3 4 8 9 10 15 17 18 20
2 5 6 7 11 12 13 14 16 19
1 3 4 8 10 13 14 15 16 19
2 5 6 7 9 11 12 17 18 20
1 3 4 8 10 13 14 15 18 20
2 5 6 7 9 11 12 16 17 19
1 3 4 8 10 13 16 18 19 20
2 5 6 7 9 11 12 14 15 17
1 3 4 8 10 14 16 18 19 20
2 5 6 7 9 11 12 13 15 17
1 3 4 8 10 15 16 18 19 20
2 5 6 7 9 11 12 13 14 17
1 3 4 9 10 13 14 16 17 19
2 5 6 7 8 11 12 15 18 20
1 3 4 9 10 13 14 17 18 20
2 5 6 7 8 11 12 15 16 19
1 3 4 9 10 13 15 16 17 19
2 5 6 7 8 11 12 14 18 20
1 3 4 9 10 13 15 17 18 20
2 5 6 7 8 11 12 14 16 19
1 3 4 9 10 14 15 16 17 19
2 5 6 7 8 11 12 13 18 20
1 3 4 9 10 14 15 17 18 20
2 5 6 7 8 11 12 13 16 19
1 3 4 9 10 16 17 18 19 20
2 5 6 7 8 11 12 13 14 15
1 3 4 10 13 14 16 18 19 20
2 5 6 7 8 9 11 12 15 17
1 3 4 10 13 15 16 18 19 20
2 5 6 7 8 9 11 12 14 17
1 3 4 10 14 15 16 18 19 20
2 5 6 7 8 9 11 12 13 17
1 4 5 6 7 8 10 11 12 13
2 3 9 14 15 16 17 18 19 20
1 4 5 6 7 8 10 11 12 14
2 3 9 13 15 16 17 18 19 20
1 4 5 6 7 8 10 11 12 15
2 3 9 13 14 16 17 18 19 20
1 4 5 6 7 9 10 11 12 17
2 3 8 13 14 15 16 18 19 20
1 4 5 6 7 10 11 12 13 14
2 3 8 9 15 16 17 18 19 20
1 4 5 6 7 10 11 12 13 15
2 3 8 9 14 16 17 18 19 20
1 4 5 6 7 10 11 12 14 15
2 3 8 9 13 16 17 18 19 20
1 4 5 6 7 10 11 12 16 19
2 3 8 9 13 14 15 17 18 20
1 4 5 6 7 10 11 12 18 20
2 3 8 9 13 14 15 16 17 19
1 4 5 6 8 9 10 11 12 17
2 3 7 13 14 15 16 18 19 20
1 4 5 6 8 10 11 12 13 14
2 3 7 9 15 16 17 18 19 20
1 4 5 6 8 10 11 12 13 15
2 3 7 9 14 16 17 18 19 20
1 4 5 6 8 10 11 12 14 15
2 3 7 9 13 16 17 18 19 20
1 4 5 6 8 10 11 12 16 19
2 3 7 9 13 14 15 17 18 20
1 4 5 6 8 10 11 12 18 20
2 3 7 9 13 14 15 16 17 19
1 4 5 6 9 10 11 12 13 17
2 3 7 8 14 15 16 18 19 20
1 4 5 6 9 10 11 12 14 17
2 3 7 8 13 15 16 18 19 20
1 4 5 6 9 10 11 12 15 17
2 3 7 8 13 14 16 18 19 20
1 4 5 6 10 11 12 13 14 15
2 3 7 8 9 16 17 18 19 20
1 4 5 6 10 11 12 13 16 19
2 3 7 8 9 14 15 17 18 20
1 4 5 6 10 11 12 13 18 20
2 3 7 8 9 14 15 16 17 19
1 4 5 6 10 11 12 14 16 19
2 3 7 8 9 13 15 17 18 20
1 4 5 6 10 11 12 14 18 20
2 3 7 8 9 13 15 16 17 19
1 4 5 6 10 11 12 15 16 19
2 3 7 8 9 13 14 17 18 20
1 4 5 6 10 11 12 15 18 20
2 3 7 8 9 13 14 16 17 19
1 4 7 8 9 10 13 14 15 17
2 3 5 6 11 12 16 18 19 20
1 4 7 8 9 10 13 16 17 19
2 3 5 6 11 12 14 15 18 20
1 4 7 8 9 10 13 17 18 20
2 3 5 6 11 12 14 15 16 19
1 4 7 8 9 10 14 16 17 19
2 3 5 6 11 12 13 15 18 20
1 4 7 8 9 10 14 17 18 20
2 3 5 6 11 12 13 15 16 19
1 4 7 8 9 10 15 16 17 19
2 3 5 6 11 12 13 14 18 20
1 4 7 8 9 10 15 17 18 20
2 3 5 6 11 12 13 14 16 19
1 4 7 8 10 13 14 15 16 19
2 3 5 6 9 11 12 17 18 20
1 4 7 8 10 13 14 15 18 20
2 3 5 6 9 11 12 16 17 19
1 4 7 8 10 13 16 18 19 20
2 3 5 6 9 11 12 14 15 17
1 4 7 8 10 14 16 18 19 20
2 3 5 6 9 11 12 13 15 17
1 4 7 8 10 15 16 18 19 20
2 3 5 6 9 11 12 13 14 17
1 4 7 9 10 13 14 16 17 19
2 3 5 6 8 11 12 15 18 20
1 4 7 9 10 13 14 17 18 20
2 3 5 6 8 11 12 15 16 19
1 4 7 9 10 13 15 16 17 19
2 3 5 6 8 11 12 14 18 20
1 4 7 9 10 13 15 17 18 20
2 3 5 6 8 11 12 14 16 19
1 4 7 9 10 14 15 16 17 19
2 3 5 6 8 11 12 13 18 20
1 4 7 9 10 14 15 17 18 20
2 3 5 6 8 11 12 13 16 19
1 4 7 9 10 16 17 18 19 20
2 3 5 6 8 11 12 13 14 15
1 4 7 10 13 14 16 18 19 20
2 3 5 6 8 9 11 12 15 17
1 4 7 10 13 15 16 18 19 20
2 3 5 6 8 9 11 12 14 17
1 4 7 10 14 15 16 18 19 20
2 3 5 6 8 9 11 12 13 17
1 4 8 9 10 13 14 16 17 19
2 3 5 6 7 11 12 15 18 20
1 4 8 9 10 13 14 17 18 20
2 3 5 6 7 11 12 15 16 19
1 4 8 9 10 13 15 16 17 19
2 3 5 6 7 11 12 14 18 20
1 4 8 9 10 13 15 17 18 20
2 3 5 6 7 11 12 14 16 19
1 4 8 9 10 14 15 16 17 19
2 3 5 6 7 11 12 13 18 20
1 4 8 9 10 14 15 17 18 20
2 3 5 6 7 11 12 13 16 19
1 4 8 9 10 16 17 18 19 20
2 3 5 6 7 11 12 13 14 15
1 4 8 10 13 14 16 18 19 20
2 3 5 6 7 9 11 12 15 17
1 4 8 10 13 15 16 18 19 20
2 3 5 6 7 9 11 12 14 17
1 4 8 10 14 15 16 18 19 20
2 3 5 6 7 9 11 12 13 17
1 4 9 10 13 14 15 16 17 19
2 3 5 6 7 8 11 12 18 20
1 4 9 10 13 14 15 17 18 20
2 3 5 6 7 8 11 12 16 19
1 4 9 10 13 16 17 18 19 20
2 3 5 6 7 8 11 12 14 15
1 4 9 10 14 16 17 18 19 20
2 3 5 6 7 8 11 12 13 15
1 4 9 10 15 16 17 18 19 20
2 3 5 6 7 8 11 12 13 14
1 4 10 13 14 15 16 18 19 20
2 3 5 6 7 8 9 11 12 17
