2.000000
1 2 3 5 6 7 8 9 16
4 10 11 12 13 14 15 17 18
1 2 3 5 6 7 8 11 12
4 9 10 13 14 15 16 17 18
1 2 3 5 6 7 8 11 15
4 9 10 12 13 14 16 17 18
1 2 3 5 6 7 8 12 15
4 9 10 11 13 14 16 17 18
1 2 3 5 6 8 9 11 16
4 7 10 12 13 14 15 17 18
1 2 3 5 6 8 9 12 16
4 7 10 11 13 14 15 17 18
1 2 3 5 6 8 9 15 16
4 7 10 11 12 13 14 17 18
1 2 3 5 6 8 11 12 15
4 7 9 10 13 14 16 17 18
1 2 5 6 7 9 11 12 16
3 4 8 10 13 14 15 17 18
1 2 5 6 7 9 11 15 16
3 4 8 10 12 13 14 17 18
1 2 5 6 7 9 12 15 16
3 4 8 10 11 13 14 17 18
1 2 5 6 9 11 12 15 16
3 4 7 8 10 13 14 17 18
1 3 5 7 8 9 11 12 16
2 4 6 10 13 14 15 17 18
1 3 5 7 8 9 11 15 16
2 4 6 10 12 13 14 17 18
1 3 5 7 8 9 12 15 16
2 4 6 10 11 13 14 17 18
1 3 5 8 9 11 12 15 16
2 4 6 7 10 13 14 17 18
1 4 5 7 10 13 14 17 18
2 3 6 8 9 11 12 15 16
1 4 5 10 11 13 14 17 18
2 3 6 7 8 9 12 15 16
1 4 5 10 12 13 14 17 18
2 3 6 7 8 9 11 15 16
1 4 5 10 13 14 15 17 18
2 3 6 7 8 9 11 12 16
