2.000000
1 2 3 4 5 6 10 11
7 8 9 12 13 14 15 16
1 2 3 4 5 6 10 15
7 8 9 11 12 13 14 16
1 2 3 4 5 7 12 13
6 8 9 10 11 14 15 16
1 2 3 4 5 8 11 16
6 7 9 10 12 13 14 15
1 2 3 4 5 8 15 16
6 7 9 10 11 12 13 14
1 2 3 4 5 9 11 14
6 7 8 10 12 13 15 16
1 2 3 4 5 9 14 15
6 7 8 10 11 12 13 16
1 2 3 4 6 8 10 16
5 7 9 11 12 13 14 15
1 2 3 4 6 9 10 14
5 7 8 11 12 13 15 16
1 2 3 4 6 10 11 15
5 7 8 9 12 13 14 16
1 2 3 4 7 11 12 13
5 6 8 9 10 14 15 16
1 2 3 4 7 12 13 15
5 6 8 9 10 11 14 16
1 2 3 4 8 9 14 16
5 6 7 10 11 12 13 15
1 2 3 4 8 11 15 16
5 6 7 9 10 12 13 14
1 2 3 4 9 11 14 15
5 6 7 8 10 12 13 16
1 3 4 5 6 8 10 16
2 7 9 11 12 13 14 15
1 3 4 5 6 9 10 14
2 7 8 11 12 13 15 16
1 3 4 5 6 10 11 15
2 7 8 9 12 13 14 16
1 3 4 5 7 11 12 13
2 6 8 9 10 14 15 16
1 3 4 5 7 12 13 15
2 6 8 9 10 11 14 16
1 3 4 5 8 9 14 16
2 6 7 10 11 12 13 15
1 3 4 5 8 11 15 16
2 6 7 9 10 12 13 14
1 3 4 5 9 11 14 15
2 6 7 8 10 12 13 16
1 3 4 6 7 10 12 13
2 5 8 9 11 14 15 16
1 3 4 6 8 10 11 16
2 5 7 9 12 13 14 15
1 3 4 6 8 10 15 16
2 5 7 9 11 12 13 14
1 3 4 6 9 10 11 14
2 5 7 8 12 13 15 16
1 3 4 6 9 10 14 15
2 5 7 8 11 12 13 16
1 3 4 7 8 12 13 16
2 5 6 9 10 11 14 15
1 3 4 7 9 12 13 14
2 5 6 8 10 11 15 16
1 3 4 7 11 12 13 15
2 5 6 8 9 10 14 16
1 3 4 8 9 11 14 16
2 5 6 7 10 12 13 15
1 3 4 8 9 14 15 16
2 5 6 7 10 11 12 13
