2.236068
1 3 5 6 9 11 15 17 19 20
2 4 7 8 10 12 13 14 16 18
1 3 6 9 10 11 15 17 19 20
2 4 5 7 8 12 13 14 16 18
1 3 6 9 11 12 15 17 19 20
2 4 5 7 8 10 13 14 16 18
1 3 6 9 11 14 15 17 19 20
2 4 5 7 8 10 12 13 16 18
1 5 6 9 10 11 15 17 19 20
2 3 4 7 8 12 13 14 16 18
1 5 6 9 11 12 15 17 19 20
2 3 4 7 8 10 13 14 16 18
1 5 6 9 11 14 15 17 19 20
2 3 4 7 8 10 12 13 16 18
1 6 9 10 11 12 15 17 19 20
2 3 4 5 7 8 13 14 16 18
1 6 9 10 11 14 15 17 19 20
2 3 4 5 7 8 12 13 16 18
1 6 9 11 12 14 15 17 19 20
2 3 4 5 7 8 10 13 16 18
