1.414214
1 2 4 5 7 8 9 14
3 6 10 11 12 13 15 16
1 3 4 6 7 8 9 11
2 5 10 12 13 14 15 16
1 3 4 6 7 8 9 12
2 5 10 11 13 14 15 16
1 3 4 6 7 8 9 15
2 5 10 11 12 13 14 16
1 3 4 6 7 8 9 16
2 5 10 11 12 13 14 15
1 3 4 7 8 9 10 13
2 5 6 11 12 14 15 16
1 3 4 7 8 9 11 12
2 5 6 10 13 14 15 16
1 3 4 7 8 9 11 15
2 5 6 10 12 13 14 16
1 3 4 7 8 9 11 16
2 5 6 10 12 13 14 15
1 3 4 7 8 9 12 15
2 5 6 10 11 13 14 16
1 3 4 7 8 9 12 16
2 5 6 10 11 13 14 15
1 3 4 7 8 9 15 16
2 5 6 10 11 12 13 14
1 4 6 7 8 9 10 13
2 3 5 11 12 14 15 16
1 4 6 7 8 9 11 12
2 3 5 10 13 14 15 16
1 4 6 7 8 9 11 15
2 3 5 10 12 13 14 16
1 4 6 7 8 9 11 16
2 3 5 10 12 13 14 15
1 4 6 7 8 9 12 15
2 3 5 10 11 13 14 16
1 4 6 7 8 9 12 16
2 3 5 10 11 13 14 15
1 4 6 7 8 9 15 16
2 3 5 10 11 12 13 14
1 4 7 8 9 10 11 13
2 3 5 6 12 14 15 16
1 4 7 8 9 10 12 13
2 3 5 6 11 14 15 16
1 4 7 8 9 10 13 15
2 3 5 6 11 12 14 16
1 4 7 8 9 10 13 16
2 3 5 6 11 12 14 15
1 4 7 8 9 11 12 15
2 3 5 6 10 13 14 16
1 4 7 8 9 11 12 16
2 3 5 6 10 13 14 15
1 4 7 8 9 11 15 16
2 3 5 6 10 12 13 14
1 4 7 8 9 12 15 16
2 3 5 6 10 11 13 14
