2.000000
1 2 3 5 6 7 8
4 9 10 11 12 13 14
1 2 3 5 7 8 13
4 6 9 10 11 12 14
1 2 3 5 7 8 14
4 6 9 10 11 12 13
1 2 3 6 7 8 13
4 5 9 10 11 12 14
1 2 3 6 7 8 14
4 5 9 10 11 12 13
1 2 3 7 8 13 14
4 5 6 9 10 11 12
1 2 4 9 10 11 12
3 5 6 7 8 13 14
1 3 5 6 7 8 13
2 4 9 10 11 12 14
1 3 5 6 7 8 14
2 4 9 10 11 12 13
1 3 5 7 8 13 14
2 4 6 9 10 11 12
1 3 6 7 8 13 14
2 4 5 9 10 11 12
1 4 5 9 10 11 12
2 3 6 7 8 13 14
1 4 6 9 10 11 12
2 3 5 7 8 13 14
1 4 9 10 11 12 13
2 3 5 6 7 8 14
1 4 9 10 11 12 14
2 3 5 6 7 8 13
