2.236068
1 2 3 5 7 12 13 16
4 6 8 9 10 11 14 15
1 2 3 7 12 13 14 16
4 5 6 8 9 10 11 15
1 2 5 7 12 13 14 16
3 4 6 8 9 10 11 15
1 2 7 9 11 12 13 16
3 4 5 6 8 10 14 15
1 2 7 10 12 13 15 16
3 4 5 6 8 9 11 14
1 3 4 5 6 7 8 16
2 9 10 11 12 13 14 15
1 3 4 6 7 8 14 16
2 5 9 10 11 12 13 15
1 3 5 7 9 11 14 16
2 4 6 8 10 12 13 15
1 3 5 7 10 14 15 16
2 4 6 8 9 11 12 13
1 3 7 9 10 11 15 16
2 4 5 6 8 12 13 14
1 4 5 6 7 8 14 16
2 3 9 10 11 12 13 15
1 4 6 7 8 9 11 16
2 3 5 10 12 13 14 15
1 4 6 7 8 10 15 16
2 3 5 9 11 12 13 14
1 5 7 9 10 11 15 16
2 3 4 6 8 12 13 14
1 7 9 10 11 14 15 16
2 3 4 5 6 8 12 13
