1.414214
1 2 3 4 11 12 13
5 6 7 8 9 10 14
1 2 3 5 11 12 13
4 6 7 8 9 10 14
1 2 3 7 11 12 13
4 5 6 8 9 10 14
1 2 3 8 11 12 13
4 5 6 7 9 10 14
1 3 4 5 7 11 13
2 6 8 9 10 12 14
1 3 4 5 8 11 13
2 6 7 9 10 12 14
1 3 4 6 11 13 14
2 5 7 8 9 10 12
1 3 4 7 8 11 13
2 5 6 9 10 12 14
1 3 4 9 10 11 13
2 5 6 7 8 12 14
1 3 5 6 11 13 14
2 4 7 8 9 10 12
1 3 5 7 8 11 13
2 4 6 9 10 12 14
1 3 5 9 10 11 13
2 4 6 7 8 12 14
1 3 6 7 11 13 14
2 4 5 8 9 10 12
1 3 6 8 11 13 14
2 4 5 7 9 10 12
1 3 7 9 10 11 13
2 4 5 6 8 12 14
1 3 8 9 10 11 13
2 4 5 6 7 12 14
