2.000000
1 2 3 5 7 9 10 15
4 6 8 11 12 13 14 16
1 2 4 6 8 11 12 13
3 5 7 9 10 14 15 16
1 2 4 6 11 12 13 14
3 5 7 8 9 10 15 16
1 2 4 6 11 12 13 16
3 5 7 8 9 10 14 15
1 2 4 8 11 12 13 14
3 5 6 7 9 10 15 16
1 2 4 8 11 12 13 16
3 5 6 7 9 10 14 15
1 2 4 11 12 13 14 16
3 5 6 7 8 9 10 15
1 2 6 8 11 12 13 14
3 4 5 7 9 10 15 16
1 2 6 8 11 12 13 16
3 4 5 7 9 10 14 15
1 2 6 11 12 13 14 16
3 4 5 7 8 9 10 15
1 2 8 11 12 13 14 16
3 4 5 6 7 9 10 15
1 3 4 5 7 9 10 15
2 6 8 11 12 13 14 16
1 3 5 6 7 9 10 15
2 4 8 11 12 13 14 16
1 3 5 7 8 9 10 15
2 4 6 11 12 13 14 16
1 3 5 7 9 10 14 15
2 4 6 8 11 12 13 16
1 3 5 7 9 10 15 16
2 4 6 8 11 12 13 14
1 4 6 8 11 12 13 14
2 3 5 7 9 10 15 16
1 4 6 8 11 12 13 16
2 3 5 7 9 10 14 15
1 4 6 11 12 13 14 16
2 3 5 7 8 9 10 15
1 4 8 11 12 13 14 16
2 3 5 6 7 9 10 15
1 6 8 11 12 13 14 16
2 3 4 5 7 9 10 15
