2.236068
1 2 7 9 10 11 12 14
3 4 5 6 8 13 15 16
1 2 7 9 10 11 15 16
3 4 5 6 8 12 13 14
1 2 7 9 11 12 14 15
3 4 5 6 8 10 13 16
1 2 7 9 11 12 14 16
3 4 5 6 8 10 13 15
1 2 7 10 11 12 14 15
3 4 5 6 8 9 13 16
1 2 7 10 11 12 14 16
3 4 5 6 8 9 13 15
1 2 7 11 12 14 15 16
3 4 5 6 8 9 10 13
1 2 9 10 11 12 14 15
3 4 5 6 7 8 13 16
1 2 9 10 11 12 14 16
3 4 5 6 7 8 13 15
1 2 9 11 12 14 15 16
3 4 5 6 7 8 10 13
1 2 10 11 12 14 15 16
3 4 5 6 7 8 9 13
1 3 4 5 6 8 11 13
2 7 9 10 12 14 15 16
1 7 9 10 11 12 14 15
2 3 4 5 6 8 13 16
1 7 9 10 11 12 14 16
2 3 4 5 6 8 13 15
1 7 9 11 12 14 15 16
2 3 4 5 6 8 10 13
1 7 10 11 12 14 15 16
2 3 4 5 6 8 9 13
1 9 10 11 12 14 15 16
2 3 4 5 6 7 8 13
