2.236068
1 2 3 4 6 9 10 12
5 7 8 11 13 14 15 16
1 2 3 6 9 10 11 12
4 5 7 8 13 14 15 16
1 2 3 6 9 10 12 14
4 5 7 8 11 13 15 16
1 2 3 6 9 10 12 15
4 5 7 8 11 13 14 16
1 2 4 5 7 10 11 14
3 6 8 9 12 13 15 16
1 2 4 5 7 10 11 15
3 6 8 9 12 13 14 16
1 2 4 5 7 10 14 15
3 6 8 9 11 12 13 16
1 2 4 8 10 11 13 16
3 5 6 7 9 12 14 15
1 2 4 8 10 13 14 16
3 5 6 7 9 11 12 15
1 2 4 8 10 13 15 16
3 5 6 7 9 11 12 14
1 2 5 7 8 10 13 16
3 4 6 9 11 12 14 15
1 2 5 7 10 11 14 15
3 4 6 8 9 12 13 16
1 2 8 10 11 13 14 16
3 4 5 6 7 9 12 15
1 2 8 10 11 13 15 16
3 4 5 6 7 9 12 14
1 2 8 10 13 14 15 16
3 4 5 6 7 9 11 12
1 3 4 6 9 10 11 12
2 5 7 8 13 14 15 16
1 3 4 6 9 10 12 14
2 5 7 8 11 13 15 16
1 3 4 6 9 10 12 15
2 5 7 8 11 13 14 16
1 3 5 6 7 9 10 12
2 4 8 11 13 14 15 16
1 3 6 9 10 11 12 14
2 4 5 7 8 13 15 16
1 3 6 9 10 11 12 15
2 4 5 7 8 13 14 16
1 3 6 9 10 12 14 15
2 4 5 7 8 11 13 16
1 4 5 7 8 10 13 16
2 3 6 9 11 12 14 15
1 4 5 7 10 11 14 15
2 3 6 8 9 12 13 16
1 4 8 10 11 13 14 16
2 3 5 6 7 9 12 15
1 4 8 10 11 13 15 16
2 3 5 6 7 9 12 14
1 4 8 10 13 14 15 16
2 3 5 6 7 9 11 12
1 5 7 8 10 11 13 16
2 3 4 6 9 12 14 15
1 5 7 8 10 13 14 16
2 3 4 6 9 11 12 15
1 5 7 8 10 13 15 16
2 3 4 6 9 11 12 14
1 8 10 11 13 14 15 16
2 3 4 5 6 7 9 12
