2.236068
1 2 3 4 5 9 11 17 18 20
6 7 8 10 12 13 14 15 16 19
1 2 3 4 6 9 10 11 18 20
5 7 8 12 13 14 15 16 17 19
1 2 3 4 6 9 11 12 18 20
5 7 8 10 13 14 15 16 17 19
1 2 3 4 6 9 11 13 18 20
5 7 8 10 12 14 15 16 17 19
1 2 3 4 7 9 11 16 18 20
5 6 8 10 12 13 14 15 17 19
1 2 3 4 9 10 11 12 18 20
5 6 7 8 13 14 15 16 17 19
1 2 3 4 9 10 11 13 18 20
5 6 7 8 12 14 15 16 17 19
1 2 3 4 9 11 12 13 18 20
5 6 7 8 10 14 15 16 17 19
1 2 3 5 6 9 11 17 18 20
4 7 8 10 12 13 14 15 16 19
1 2 3 5 9 10 11 17 18 20
4 6 7 8 12 13 14 15 16 19
1 2 3 5 9 11 12 17 18 20
4 6 7 8 10 13 14 15 16 19
1 2 3 5 9 11 13 17 18 20
4 6 7 8 10 12 14 15 16 19
1 2 3 6 7 9 11 16 18 20
4 5 8 10 12 13 14 15 17 19
1 2 3 6 9 10 11 12 18 20
4 5 7 8 13 14 15 16 17 19
1 2 3 6 9 10 11 13 18 20
4 5 7 8 12 14 15 16 17 19
1 2 3 6 9 11 12 13 18 20
4 5 7 8 10 14 15 16 17 19
1 2 3 7 9 10 11 16 18 20
4 5 6 8 12 13 14 15 17 19
1 2 3 7 9 11 12 16 18 20
4 5 6 8 10 13 14 15 17 19
1 2 3 7 9 11 13 16 18 20
4 5 6 8 10 12 14 15 17 19
1 2 3 9 10 11 12 13 18 20
4 5 6 7 8 14 15 16 17 19
1 4 5 6 7 9 11 16 17 20
2 3 8 10 12 13 14 15 18 19
1 4 5 6 9 10 11 12 17 20
2 3 7 8 13 14 15 16 18 19
1 4 5 6 9 10 11 13 17 20
2 3 7 8 12 14 15 16 18 19
1 4 5 6 9 11 12 13 17 20
2 3 7 8 10 14 15 16 18 19
1 4 5 7 9 10 11 16 17 20
2 3 6 8 12 13 14 15 18 19
1 4 5 7 9 11 12 16 17 20
2 3 6 8 10 13 14 15 18 19
1 4 5 7 9 11 13 16 17 20
2 3 6 8 10 12 14 15 18 19
1 4 5 9 10 11 12 13 17 20
2 3 6 7 8 14 15 16 18 19
1 4 6 7 9 10 11 12 16 20
2 3 5 8 13 14 15 17 18 19
1 4 6 7 9 10 11 13 16 20
2 3 5 8 12 14 15 17 18 19
1 4 6 7 9 11 12 13 16 20
2 3 5 8 10 14 15 17 18 19
1 4 6 8 9 11 14 15 19 20
2 3 5 7 10 12 13 16 17 18
1 4 7 9 10 11 12 13 16 20
2 3 5 6 8 14 15 17 18 19
1 4 8 9 10 11 14 15 19 20
2 3 5 6 7 12 13 16 17 18
1 4 8 9 11 12 14 15 19 20
2 3 5 6 7 10 13 16 17 18
1 4 8 9 11 13 14 15 19 20
2 3 5 6 7 10 12 16 17 18
1 5 6 7 9 10 11 16 17 20
2 3 4 8 12 13 14 15 18 19
1 5 6 7 9 11 12 16 17 20
2 3 4 8 10 13 14 15 18 19
1 5 6 7 9 11 13 16 17 20
2 3 4 8 10 12 14 15 18 19
1 5 6 9 10 11 12 13 17 20
2 3 4 7 8 14 15 16 18 19
1 5 7 9 10 11 12 16 17 20
2 3 4 6 8 13 14 15 18 19
1 5 7 9 10 11 13 16 17 20
2 3 4 6 8 12 14 15 18 19
1 5 7 9 11 12 13 16 17 20
2 3 4 6 8 10 14 15 18 19
1 5 8 9 11 14 15 17 19 20
2 3 4 6 7 10 12 13 16 18
1 6 7 9 10 11 12 13 16 20
2 3 4 5 8 14 15 17 18 19
1 6 8 9 10 11 14 15 19 20
2 3 4 5 7 12 13 16 17 18
1 6 8 9 11 12 14 15 19 20
2 3 4 5 7 10 13 16 17 18
1 6 8 9 11 13 14 15 19 20
2 3 4 5 7 10 12 16 17 18
1 7 8 9 11 14 15 16 19 20
2 3 4 5 6 10 12 13 17 18
1 8 9 10 11 12 14 15 19 20
2 3 4 5 6 7 13 16 17 18
1 8 9 10 11 13 14 15 19 20
2 3 4 5 6 7 12 16 17 18
1 8 9 11 12 13 14 15 19 20
2 3 4 5 6 7 10 16 17 18
