2.236068
1 2 5 6 7 9 10 13 18 19
3 4 8 11 12 14 15 16 17 20
1 2 5 6 9 10 11 13 18 19
3 4 7 8 12 14 15 16 17 20
1 2 5 6 9 10 13 16 18 19
3 4 7 8 11 12 14 15 17 20
1 2 5 6 9 10 13 17 18 19
3 4 7 8 11 12 14 15 16 20
1 2 5 6 9 10 13 18 19 20
3 4 7 8 11 12 14 15 16 17
1 2 5 7 9 10 11 13 18 19
3 4 6 8 12 14 15 16 17 20
1 2 5 7 9 10 13 16 18 19
3 4 6 8 11 12 14 15 17 20
1 2 5 7 9 10 13 17 18 19
3 4 6 8 11 12 14 15 16 20
1 2 5 7 9 10 13 18 19 20
3 4 6 8 11 12 14 15 16 17
1 2 5 9 10 11 13 16 18 19
3 4 6 7 8 12 14 15 17 20
1 2 5 9 10 11 13 17 18 19
3 4 6 7 8 12 14 15 16 20
1 2 5 9 10 11 13 18 19 20
3 4 6 7 8 12 14 15 16 17
1 2 5 9 10 13 16 17 18 19
3 4 6 7 8 11 12 14 15 20
1 2 5 9 10 13 16 18 19 20
3 4 6 7 8 11 12 14 15 17
1 2 5 9 10 13 17 18 19 20
3 4 6 7 8 11 12 14 15 16
1 3 4 6 7 8 11 12 14 15
2 5 9 10 13 16 17 18 19 20
1 3 4 6 7 8 12 14 15 16
2 5 9 10 11 13 17 18 19 20
1 3 4 6 7 8 12 14 15 17
2 5 9 10 11 13 16 18 19 20
1 3 4 6 7 8 12 14 15 20
2 5 9 10 11 13 16 17 18 19
1 3 4 6 8 11 12 14 15 16
2 5 7 9 10 13 17 18 19 20
1 3 4 6 8 11 12 14 15 17
2 5 7 9 10 13 16 18 19 20
1 3 4 6 8 11 12 14 15 20
2 5 7 9 10 13 16 17 18 19
1 3 4 6 8 12 14 15 16 17
2 5 7 9 10 11 13 18 19 20
1 3 4 6 8 12 14 15 16 20
2 5 7 9 10 11 13 17 18 19
1 3 4 6 8 12 14 15 17 20
2 5 7 9 10 11 13 16 18 19
1 3 4 7 8 11 12 14 15 16
2 5 6 9 10 13 17 18 19 20
1 3 4 7 8 11 12 14 15 17
2 5 6 9 10 13 16 18 19 20
1 3 4 7 8 11 12 14 15 20
2 5 6 9 10 13 16 17 18 19
1 3 4 7 8 12 14 15 16 17
2 5 6 9 10 11 13 18 19 20
1 3 4 7 8 12 14 15 16 20
2 5 6 9 10 11 13 17 18 19
1 3 4 7 8 12 14 15 17 20
2 5 6 9 10 11 13 16 18 19
1 3 4 8 11 12 14 15 16 17
2 5 6 7 9 10 13 18 19 20
1 3 4 8 11 12 14 15 16 20
2 5 6 7 9 10 13 17 18 19
1 3 4 8 11 12 14 15 17 20
2 5 6 7 9 10 13 16 18 19
1 3 4 8 12 14 15 16 17 20
2 5 6 7 9 10 11 13 18 19
