2.236068
1 2 5 6 11 12 15 16 17 18
3 4 7 8 9 10 13 14 19 20
1 2 5 6 12 13 14 18 19 20
3 4 7 8 9 10 11 15 16 17
1 2 5 11 12 13 14 16 18 19
3 4 6 7 8 9 10 15 17 20
1 2 5 11 12 15 16 17 18 20
3 4 6 7 8 9 10 13 14 19
1 2 5 12 13 14 15 17 18 19
3 4 6 7 8 9 10 11 16 20
1 3 4 5 6 7 8 9 10 20
2 11 12 13 14 15 16 17 18 19
1 3 4 5 7 8 9 10 11 16
2 6 12 13 14 15 17 18 19 20
1 3 4 5 7 8 9 10 15 17
2 6 11 12 13 14 16 18 19 20
1 5 6 11 13 14 15 16 17 19
2 3 4 7 8 9 10 12 18 20
1 5 11 13 14 15 16 17 19 20
2 3 4 6 7 8 9 10 12 18
