2.236068
1 2 3 4 5 6 10 11 14
7 8 9 12 13 15 16 17 18
1 2 3 5 6 10 11 13 14
4 7 8 9 12 15 16 17 18
1 2 3 5 6 10 11 14 16
4 7 8 9 12 13 15 17 18
1 2 4 5 6 10 11 13 14
3 7 8 9 12 15 16 17 18
1 2 4 5 6 10 11 14 16
3 7 8 9 12 13 15 17 18
1 2 5 6 10 11 13 14 16
3 4 7 8 9 12 15 17 18
1 3 4 6 7 11 13 17 18
2 5 8 9 10 12 14 15 16
1 3 4 6 7 11 16 17 18
2 5 8 9 10 12 13 14 15
1 3 4 6 8 9 11 12 15
2 5 7 10 13 14 16 17 18
1 3 6 7 11 13 16 17 18
2 4 5 8 9 10 12 14 15
1 3 6 8 9 11 12 13 15
2 4 5 7 10 14 16 17 18
1 3 6 8 9 11 12 15 16
2 4 5 7 10 13 14 17 18
1 4 6 7 11 13 16 17 18
2 3 5 8 9 10 12 14 15
1 4 6 8 9 11 12 13 15
2 3 5 7 10 14 16 17 18
1 4 6 8 9 11 12 15 16
2 3 5 7 10 13 14 17 18
1 6 8 9 11 12 13 15 16
2 3 4 5 7 10 14 17 18
