2.828427
1 2 3 5 7 8 9 10 14 20 22
4 6 11 12 13 15 16 17 18 19 21
1 2 3 5 7 8 9 10 18 20 22
4 6 11 12 13 14 15 16 17 19 21
1 2 3 5 7 8 9 11 13 20 22
4 6 10 12 14 15 16 17 18 19 21
1 2 3 5 7 8 9 14 18 20 22
4 6 10 11 12 13 15 16 17 19 21
1 2 3 7 8 9 10 11 13 20 22
4 5 6 12 14 15 16 17 18 19 21
1 2 3 7 8 9 10 14 18 20 22
4 5 6 11 12 13 15 16 17 19 21
1 2 3 7 8 9 11 13 14 20 22
4 5 6 10 12 15 16 17 18 19 21
1 2 3 7 8 9 11 13 18 20 22
4 5 6 10 12 14 15 16 17 19 21
1 3 5 7 8 9 10 11 13 20 22
2 4 6 12 14 15 16 17 18 19 21
1 3 5 7 8 9 10 14 18 20 22
2 4 6 11 12 13 15 16 17 19 21
1 3 5 7 8 9 11 13 14 20 22
2 4 6 10 12 15 16 17 18 19 21
1 3 5 7 8 9 11 13 18 20 22
2 4 6 10 12 14 15 16 17 19 21
1 3 7 8 9 10 11 13 14 20 22
2 4 5 6 12 15 16 17 18 19 21
1 3 7 8 9 10 11 13 18 20 22
2 4 5 6 12 14 15 16 17 19 21
1 3 7 8 9 11 13 14 18 20 22
2 4 5 6 10 12 15 16 17 19 21
