2.000000
1 2 3 4 7 9 13
5 6 8 10 11 12 14
1 2 3 6 7 9 13
4 5 8 10 11 12 14
1 2 3 7 8 9 13
4 5 6 10 11 12 14
1 2 3 7 9 11 13
4 5 6 8 10 12 14
1 2 3 7 9 12 13
4 5 6 8 10 11 14
1 3 4 5 7 10 14
2 6 8 9 11 12 13
1 3 4 6 7 8 11
2 5 9 10 12 13 14
1 3 4 6 7 8 12
2 5 9 10 11 13 14
1 3 4 6 7 11 12
2 5 8 9 10 13 14
1 3 4 7 8 11 12
2 5 6 9 10 13 14
1 3 5 6 7 10 14
2 4 8 9 11 12 13
1 3 5 7 8 10 14
2 4 6 9 11 12 13
1 3 5 7 10 11 14
2 4 6 8 9 12 13
1 3 5 7 10 12 14
2 4 6 8 9 11 13
1 3 6 7 8 11 12
2 4 5 9 10 13 14
