2.000000
1 2 3 9 12 13 14 15 16
4 5 6 7 8 10 11 17 18
1 2 5 9 12 13 14 15 16
3 4 6 7 8 10 11 17 18
1 2 7 9 12 13 14 15 16
3 4 5 6 8 10 11 17 18
1 2 9 11 12 13 14 15 16
3 4 5 6 7 8 10 17 18
1 3 4 5 6 9 10 13 14
2 7 8 11 12 15 16 17 18
1 3 4 6 7 9 10 13 14
2 5 8 11 12 15 16 17 18
1 3 4 6 9 10 11 13 14
2 5 7 8 12 15 16 17 18
1 3 5 8 9 13 14 17 18
2 4 6 7 10 11 12 15 16
1 3 7 8 9 13 14 17 18
2 4 5 6 10 11 12 15 16
1 3 8 9 11 13 14 17 18
2 4 5 6 7 10 12 15 16
1 4 5 6 7 9 10 13 14
2 3 8 11 12 15 16 17 18
1 4 5 6 9 10 11 13 14
2 3 7 8 12 15 16 17 18
1 4 6 7 9 10 11 13 14
2 3 5 8 12 15 16 17 18
1 5 7 8 9 13 14 17 18
2 3 4 6 10 11 12 15 16
1 5 8 9 11 13 14 17 18
2 3 4 6 7 10 12 15 16
1 7 8 9 11 13 14 17 18
2 3 4 5 6 10 12 15 16
