2.236068
1 2 3 4 7 8 12 14 15 18
5 6 9 10 11 13 16 17 19 20
1 2 3 4 7 10 14 15 17 18
5 6 8 9 11 12 13 16 19 20
1 2 3 4 7 10 14 15 18 20
5 6 8 9 11 12 13 16 17 19
1 2 3 4 7 14 15 17 18 20
5 6 8 9 10 11 12 13 16 19
1 2 5 8 11 12 13 14 16 18
3 4 6 7 9 10 15 17 19 20
1 2 5 10 11 13 14 16 17 18
3 4 6 7 8 9 12 15 19 20
1 2 5 10 11 13 14 16 18 20
3 4 6 7 8 9 12 15 17 19
1 2 5 11 13 14 16 17 18 20
3 4 6 7 8 9 10 12 15 19
1 2 6 8 9 10 12 14 18 19
3 4 5 7 11 13 15 16 17 20
1 2 6 8 9 12 14 17 18 19
3 4 5 7 10 11 13 15 16 20
1 2 6 8 9 12 14 18 19 20
3 4 5 7 10 11 13 15 16 17
1 2 6 9 10 14 17 18 19 20
3 4 5 7 8 11 12 13 15 16
1 3 4 5 7 10 11 13 15 16
2 6 8 9 12 14 17 18 19 20
1 3 4 5 7 11 13 15 16 17
2 6 8 9 10 12 14 18 19 20
1 3 4 5 7 11 13 15 16 20
2 6 8 9 10 12 14 17 18 19
1 3 4 6 7 8 9 12 15 19
2 5 10 11 13 14 16 17 18 20
1 3 4 6 7 9 10 15 17 19
2 5 8 11 12 13 14 16 18 20
1 3 4 6 7 9 10 15 19 20
2 5 8 11 12 13 14 16 17 18
1 3 4 6 7 9 15 17 19 20
2 5 8 10 11 12 13 14 16 18
1 3 4 7 8 10 12 15 17 20
2 5 6 9 11 13 14 16 18 19
1 5 6 8 9 11 12 13 16 19
2 3 4 7 10 14 15 17 18 20
1 5 6 9 10 11 13 16 17 19
2 3 4 7 8 12 14 15 18 20
1 5 6 9 10 11 13 16 19 20
2 3 4 7 8 12 14 15 17 18
1 5 6 9 11 13 16 17 19 20
2 3 4 7 8 10 12 14 15 18
1 5 8 10 11 12 13 16 17 20
2 3 4 6 7 9 14 15 18 19
