2.236068
1 2 3 4 5 10 11 12 16 18 21
6 7 8 9 13 14 15 17 19 20 22
1 2 3 4 5 10 11 14 16 18 21
6 7 8 9 12 13 15 17 19 20 22
1 2 3 4 5 10 11 16 18 19 21
6 7 8 9 12 13 14 15 17 20 22
1 2 3 4 5 10 11 16 18 20 21
6 7 8 9 12 13 14 15 17 19 22
1 2 3 4 5 10 11 16 18 21 22
6 7 8 9 12 13 14 15 17 19 20
1 2 3 4 5 11 12 14 16 18 21
6 7 8 9 10 13 15 17 19 20 22
1 2 3 4 5 11 12 16 18 19 21
6 7 8 9 10 13 14 15 17 20 22
1 2 3 4 5 11 12 16 18 20 21
6 7 8 9 10 13 14 15 17 19 22
1 2 3 4 5 11 12 16 18 21 22
6 7 8 9 10 13 14 15 17 19 20
1 2 3 4 5 11 14 16 18 19 21
6 7 8 9 10 12 13 15 17 20 22
1 2 3 4 5 11 14 16 18 20 21
6 7 8 9 10 12 13 15 17 19 22
1 2 3 4 5 11 14 16 18 21 22
6 7 8 9 10 12 13 15 17 19 20
1 2 3 4 5 11 16 18 19 20 21
6 7 8 9 10 12 13 14 15 17 22
1 2 3 4 5 11 16 18 19 21 22
6 7 8 9 10 12 13 14 15 17 20
1 2 3 4 5 11 16 18 20 21 22
6 7 8 9 10 12 13 14 15 17 19
1 2 3 4 10 11 12 14 16 18 21
5 6 7 8 9 13 15 17 19 20 22
1 2 3 4 10 11 12 16 18 19 21
5 6 7 8 9 13 14 15 17 20 22
1 2 3 4 10 11 12 16 18 20 21
5 6 7 8 9 13 14 15 17 19 22
1 2 3 4 10 11 12 16 18 21 22
5 6 7 8 9 13 14 15 17 19 20
1 2 3 4 10 11 14 16 18 19 21
5 6 7 8 9 12 13 15 17 20 22
1 2 3 4 10 11 14 16 18 20 21
5 6 7 8 9 12 13 15 17 19 22
1 2 3 4 10 11 14 16 18 21 22
5 6 7 8 9 12 13 15 17 19 20
1 2 3 4 10 11 16 18 19 20 21
5 6 7 8 9 12 13 14 15 17 22
1 2 3 4 10 11 16 18 19 21 22
5 6 7 8 9 12 13 14 15 17 20
1 2 3 4 10 11 16 18 20 21 22
5 6 7 8 9 12 13 14 15 17 19
1 2 3 4 11 12 14 16 18 19 21
5 6 7 8 9 10 13 15 17 20 22
1 2 3 4 11 12 14 16 18 20 21
5 6 7 8 9 10 13 15 17 19 22
1 2 3 4 11 12 14 16 18 21 22
5 6 7 8 9 10 13 15 17 19 20
1 2 3 4 11 12 16 18 19 20 21
5 6 7 8 9 10 13 14 15 17 22
1 2 3 4 11 12 16 18 19 21 22
5 6 7 8 9 10 13 14 15 17 20
1 2 3 4 11 12 16 18 20 21 22
5 6 7 8 9 10 13 14 15 17 19
1 2 3 4 11 14 16 18 19 20 21
5 6 7 8 9 10 12 13 15 17 22
1 2 3 4 11 14 16 18 19 21 22
5 6 7 8 9 10 12 13 15 17 20
1 2 3 4 11 14 16 18 20 21 22
5 6 7 8 9 10 12 13 15 17 19
1 2 3 4 11 16 18 19 20 21 22
5 6 7 8 9 10 12 13 14 15 17
1 2 3 5 10 11 12 14 18 19 21
4 6 7 8 9 13 15 16 17 20 22
1 2 3 5 10 11 12 14 18 20 21
4 6 7 8 9 13 15 16 17 19 22
1 2 3 5 10 11 12 14 18 21 22
4 6 7 8 9 13 15 16 17 19 20
1 2 3 5 10 11 12 18 19 20 21
4 6 7 8 9 13 14 15 16 17 22
1 2 3 5 10 11 12 18 19 21 22
4 6 7 8 9 13 14 15 16 17 20
1 2 3 5 10 11 12 18 20 21 22
4 6 7 8 9 13 14 15 16 17 19
1 2 3 5 10 11 14 18 19 20 21
4 6 7 8 9 12 13 15 16 17 22
1 2 3 5 10 11 14 18 19 21 22
4 6 7 8 9 12 13 15 16 17 20
1 2 3 5 10 11 14 18 20 21 22
4 6 7 8 9 12 13 15 16 17 19
1 2 3 5 10 11 18 19 20 21 22
4 6 7 8 9 12 13 14 15 16 17
1 2 3 5 11 12 14 18 19 20 21
4 6 7 8 9 10 13 15 16 17 22
1 2 3 5 11 12 14 18 19 21 22
4 6 7 8 9 10 13 15 16 17 20
1 2 3 5 11 12 14 18 20 21 22
4 6 7 8 9 10 13 15 16 17 19
1 2 3 5 11 12 18 19 20 21 22
4 6 7 8 9 10 13 14 15 16 17
1 2 3 5 11 14 18 19 20 21 22
4 6 7 8 9 10 12 13 15 16 17
1 2 3 10 11 12 14 18 19 20 21
4 5 6 7 8 9 13 15 16 17 22
1 2 3 10 11 12 14 18 19 21 22
4 5 6 7 8 9 13 15 16 17 20
1 2 3 10 11 12 14 18 20 21 22
4 5 6 7 8 9 13 15 16 17 19
1 2 3 10 11 12 18 19 20 21 22
4 5 6 7 8 9 13 14 15 16 17
1 2 3 10 11 14 18 19 20 21 22
4 5 6 7 8 9 12 13 15 16 17
1 2 3 11 12 14 18 19 20 21 22
4 5 6 7 8 9 10 13 15 16 17
1 3 4 5 10 12 14 16 18 19 21
2 6 7 8 9 11 13 15 17 20 22
1 3 4 5 10 12 14 16 18 20 21
2 6 7 8 9 11 13 15 17 19 22
1 3 4 5 10 12 14 16 18 21 22
2 6 7 8 9 11 13 15 17 19 20
1 3 4 5 10 12 16 18 19 20 21
2 6 7 8 9 11 13 14 15 17 22
1 3 4 5 10 12 16 18 19 21 22
2 6 7 8 9 11 13 14 15 17 20
1 3 4 5 10 12 16 18 20 21 22
2 6 7 8 9 11 13 14 15 17 19
1 3 4 5 10 14 16 18 19 20 21
2 6 7 8 9 11 12 13 15 17 22
1 3 4 5 10 14 16 18 19 21 22
2 6 7 8 9 11 12 13 15 17 20
1 3 4 5 10 14 16 18 20 21 22
2 6 7 8 9 11 12 13 15 17 19
1 3 4 5 10 16 18 19 20 21 22
2 6 7 8 9 11 12 13 14 15 17
1 3 4 5 12 14 16 18 19 20 21
2 6 7 8 9 10 11 13 15 17 22
1 3 4 5 12 14 16 18 19 21 22
2 6 7 8 9 10 11 13 15 17 20
1 3 4 5 12 14 16 18 20 21 22
2 6 7 8 9 10 11 13 15 17 19
1 3 4 5 12 16 18 19 20 21 22
2 6 7 8 9 10 11 13 14 15 17
1 3 4 5 14 16 18 19 20 21 22
2 6 7 8 9 10 11 12 13 15 17
1 3 4 10 12 14 16 18 19 20 21
2 5 6 7 8 9 11 13 15 17 22
1 3 4 10 12 14 16 18 19 21 22
2 5 6 7 8 9 11 13 15 17 20
1 3 4 10 12 14 16 18 20 21 22
2 5 6 7 8 9 11 13 15 17 19
1 3 4 10 12 16 18 19 20 21 22
2 5 6 7 8 9 11 13 14 15 17
1 3 4 10 14 16 18 19 20 21 22
2 5 6 7 8 9 11 12 13 15 17
1 3 4 12 14 16 18 19 20 21 22
2 5 6 7 8 9 10 11 13 15 17
1 3 5 10 12 14 18 19 20 21 22
2 4 6 7 8 9 11 13 15 16 17
1 3 6 7 8 9 13 15 17 18 21
2 4 5 10 11 12 14 16 19 20 22
