2.000000
1 2 3 4 5 6 7 11 13 19
8 9 10 12 14 15 16 17 18 20
1 2 3 4 5 7 8 11 14 16
6 9 10 12 13 15 17 18 19 20
1 2 3 4 5 7 10 11 12 15
6 8 9 13 14 16 17 18 19 20
1 2 3 6 7 8 11 13 14 16
4 5 9 10 12 15 17 18 19 20
1 2 3 6 7 8 11 14 16 19
4 5 9 10 12 13 15 17 18 20
1 2 3 6 7 9 11 17 18 20
4 5 8 10 12 13 14 15 16 19
1 2 3 6 7 10 11 12 13 15
4 5 8 9 14 16 17 18 19 20
1 2 3 6 7 10 11 12 15 19
4 5 8 9 13 14 16 17 18 20
1 2 3 7 8 11 13 14 16 19
4 5 6 9 10 12 15 17 18 20
1 2 3 7 9 11 13 17 18 20
4 5 6 8 10 12 14 15 16 19
1 2 3 7 9 11 17 18 19 20
4 5 6 8 10 12 13 14 15 16
1 2 3 7 10 11 12 13 15 19
4 5 6 8 9 14 16 17 18 20
1 3 4 5 6 8 11 13 14 16
2 7 9 10 12 15 17 18 19 20
1 3 4 5 6 8 11 14 16 19
2 7 9 10 12 13 15 17 18 20
1 3 4 5 6 9 11 17 18 20
2 7 8 10 12 13 14 15 16 19
1 3 4 5 6 10 11 12 13 15
2 7 8 9 14 16 17 18 19 20
1 3 4 5 6 10 11 12 15 19
2 7 8 9 13 14 16 17 18 20
1 3 4 5 8 11 13 14 16 19
2 6 7 9 10 12 15 17 18 20
1 3 4 5 9 11 13 17 18 20
2 6 7 8 10 12 14 15 16 19
1 3 4 5 9 11 17 18 19 20
2 6 7 8 10 12 13 14 15 16
1 3 4 5 10 11 12 13 15 19
2 6 7 8 9 14 16 17 18 20
1 3 6 8 10 11 12 14 15 16
2 4 5 7 9 13 17 18 19 20
1 3 6 9 11 13 17 18 19 20
2 4 5 7 8 10 12 14 15 16
1 3 8 9 11 14 16 17 18 20
2 4 5 6 7 10 12 13 15 19
1 3 8 10 11 12 13 14 15 16
2 4 5 6 7 9 17 18 19 20
1 3 8 10 11 12 14 15 16 19
2 4 5 6 7 9 13 17 18 20
1 3 9 10 11 12 15 17 18 20
2 4 5 6 7 8 13 14 16 19
