2.236068
1 2 3 5 6 7 8 13 16 19
4 9 10 11 12 14 15 17 18 20
1 2 3 5 6 7 8 15 16 17
4 9 10 11 12 13 14 18 19 20
1 2 3 5 6 7 9 11 14 16
4 8 10 12 13 15 17 18 19 20
1 2 3 5 6 7 13 15 16 17
4 8 9 10 11 12 14 18 19 20
1 2 3 5 6 7 15 16 17 19
4 8 9 10 11 12 13 14 18 20
1 2 5 6 7 8 9 11 14 16
3 4 10 12 13 15 17 18 19 20
1 2 5 6 7 8 13 15 16 17
3 4 9 10 11 12 14 18 19 20
1 2 5 6 7 8 15 16 17 19
3 4 9 10 11 12 13 14 18 20
1 2 5 6 7 9 11 13 14 16
3 4 8 10 12 15 17 18 19 20
1 2 5 6 7 9 11 14 16 19
3 4 8 10 12 13 15 17 18 20
1 2 5 6 7 13 15 16 17 19
3 4 8 9 10 11 12 14 18 20
1 3 4 5 6 7 10 12 18 20
2 8 9 11 13 14 15 16 17 19
1 3 5 6 7 8 9 11 13 14
2 4 10 12 15 16 17 18 19 20
1 3 5 6 7 8 9 11 14 19
2 4 10 12 13 15 16 17 18 20
1 3 5 6 7 8 13 15 17 19
2 4 9 10 11 12 14 16 18 20
1 3 5 6 7 9 11 13 14 19
2 4 8 10 12 15 16 17 18 20
1 3 5 6 7 9 11 14 15 17
2 4 8 10 12 13 16 18 19 20
1 4 5 6 7 8 10 12 18 20
2 3 9 11 13 14 15 16 17 19
1 4 5 6 7 10 12 13 18 20
2 3 8 9 11 14 15 16 17 19
1 4 5 6 7 10 12 18 19 20
2 3 8 9 11 13 14 15 16 17
1 5 6 7 8 9 11 13 14 19
2 3 4 10 12 15 16 17 18 20
1 5 6 7 8 9 11 14 15 17
2 3 4 10 12 13 16 18 19 20
1 5 6 7 9 11 13 14 15 17
2 3 4 8 10 12 16 18 19 20
1 5 6 7 9 11 14 15 17 19
2 3 4 8 10 12 13 16 18 20
