2.000000
1 2 3 6 7 13 14
4 5 8 9 10 11 12
1 2 3 6 8 9 13
4 5 7 10 11 12 14
1 2 3 6 10 12 13
4 5 7 8 9 11 14
1 2 4 5 6 11 13
3 7 8 9 10 12 14
1 2 6 7 8 13 14
3 4 5 9 10 11 12
1 2 6 7 9 13 14
3 4 5 8 10 11 12
1 2 6 8 10 12 13
3 4 5 7 9 11 14
1 2 6 9 10 12 13
3 4 5 7 8 11 14
1 3 4 5 6 11 13
2 7 8 9 10 12 14
1 3 6 7 8 13 14
2 4 5 9 10 11 12
1 3 6 7 9 13 14
2 4 5 8 10 11 12
1 3 6 8 10 12 13
2 4 5 7 9 11 14
1 3 6 9 10 12 13
2 4 5 7 8 11 14
1 4 5 6 8 11 13
2 3 7 9 10 12 14
1 4 5 6 9 11 13
2 3 7 8 10 12 14
1 6 7 8 9 13 14
2 3 4 5 10 11 12
1 6 7 10 12 13 14
2 3 4 5 8 9 11
1 6 8 9 10 12 13
2 3 4 5 7 11 14
