2.000000
1 2 3 4 5 10 12 16 17
6 7 8 9 11 13 14 15 18
1 2 3 4 6 9 12 14 16
5 7 8 10 11 13 15 17 18
1 2 3 4 7 8 11 12 16
5 6 9 10 13 14 15 17 18
1 2 3 4 12 13 15 16 18
5 6 7 8 9 10 11 14 17
1 2 4 5 6 9 12 14 16
3 7 8 10 11 13 15 17 18
1 2 4 5 7 8 11 12 16
3 6 9 10 13 14 15 17 18
1 2 4 5 12 13 15 16 18
3 6 7 8 9 10 11 14 17
1 3 6 9 10 12 14 16 17
2 4 5 7 8 11 13 15 18
1 3 7 8 10 11 12 16 17
2 4 5 6 9 13 14 15 18
1 3 10 12 13 15 16 17 18
2 4 5 6 7 8 9 11 14
1 5 6 9 10 12 14 16 17
2 3 4 7 8 11 13 15 18
1 5 7 8 10 11 12 16 17
2 3 4 6 9 13 14 15 18
1 5 10 12 13 15 16 17 18
2 3 4 6 7 8 9 11 14
1 6 7 8 9 11 12 14 16
2 3 4 5 10 13 15 17 18
1 6 9 12 13 14 15 16 18
2 3 4 5 7 8 10 11 17
1 7 8 11 12 13 15 16 18
2 3 4 5 6 9 10 14 17
