2.000000
1 3 4 5 6 8 11 16
2 7 9 10 12 13 14 15
1 3 4 5 6 8 12 16
2 7 9 10 11 13 14 15
1 3 4 5 6 8 15 16
2 7 9 10 11 12 13 14
1 3 5 6 7 8 14 16
2 4 9 10 11 12 13 15
1 3 5 6 8 11 12 16
2 4 7 9 10 13 14 15
1 3 5 6 8 11 15 16
2 4 7 9 10 12 13 14
1 3 5 6 8 12 15 16
2 4 7 9 10 11 13 14
1 4 5 6 7 8 14 16
2 3 9 10 11 12 13 15
1 4 5 6 8 11 12 16
2 3 7 9 10 13 14 15
1 4 5 6 8 11 15 16
2 3 7 9 10 12 13 14
1 4 5 6 8 12 15 16
2 3 7 9 10 11 13 14
1 5 6 7 8 11 14 16
2 3 4 9 10 12 13 15
1 5 6 7 8 12 14 16
2 3 4 9 10 11 13 15
1 5 6 7 8 14 15 16
2 3 4 9 10 11 12 13
1 5 6 8 11 12 15 16
2 3 4 7 9 10 13 14
