2.236068
1 2 3 4 5 12 14 15 18
6 7 8 9 10 11 13 16 17
1 2 3 6 14 15 16 17 18
4 5 7 8 9 10 11 12 13
1 2 3 7 14 15 16 17 18
4 5 6 8 9 10 11 12 13
1 2 4 5 6 12 14 15 18
3 7 8 9 10 11 13 16 17
1 2 4 5 7 12 14 15 18
3 6 8 9 10 11 13 16 17
1 2 6 7 14 15 16 17 18
3 4 5 8 9 10 11 12 13
1 3 4 5 6 12 14 15 18
2 7 8 9 10 11 13 16 17
1 3 4 5 7 12 14 15 18
2 6 8 9 10 11 13 16 17
1 3 6 7 14 15 16 17 18
2 4 5 8 9 10 11 12 13
1 4 5 6 7 12 14 15 18
2 3 8 9 10 11 13 16 17
1 4 5 12 14 15 16 17 18
2 3 6 7 8 9 10 11 13
1 8 9 10 11 13 14 15 18
2 3 4 5 6 7 12 16 17
