2.236068
1 2 3 4 5 6 8 9 13 17 21
7 10 11 12 14 15 16 18 19 20 22
1 2 3 4 7 9 10 12 13 16 20
5 6 8 11 14 15 17 18 19 21 22
1 2 3 4 7 9 11 13 15 16 18
5 6 8 10 12 14 17 19 20 21 22
1 2 3 4 7 9 13 14 16 19 22
5 6 8 10 11 12 15 17 18 20 21
1 2 3 4 9 10 11 13 15 18 20
5 6 7 8 12 14 16 17 19 21 22
1 2 3 4 9 10 13 14 19 20 22
5 6 7 8 11 12 15 16 17 18 21
1 2 5 6 7 8 10 16 17 20 21
3 4 9 11 12 13 14 15 18 19 22
1 2 5 6 8 11 12 15 17 18 21
3 4 7 9 10 13 14 16 19 20 22
1 2 5 6 8 12 14 17 19 21 22
3 4 7 9 10 11 13 15 16 18 20
1 2 7 11 12 14 15 16 18 19 22
3 4 5 6 8 9 10 13 17 20 21
1 2 10 11 12 14 15 18 19 20 22
3 4 5 6 7 8 9 13 16 17 21
1 3 4 5 6 8 9 12 13 17 21
2 7 10 11 14 15 16 18 19 20 22
1 3 4 7 9 11 12 13 15 16 18
2 5 6 8 10 14 17 19 20 21 22
1 3 4 7 9 12 13 14 16 19 22
2 5 6 8 10 11 15 17 18 20 21
1 3 4 9 10 11 12 13 15 18 20
2 5 6 7 8 14 16 17 19 21 22
1 3 4 9 10 12 13 14 19 20 22
2 5 6 7 8 11 15 16 17 18 21
1 3 4 9 11 13 14 15 18 19 22
2 5 6 7 8 10 12 16 17 20 21
1 5 6 7 8 10 12 16 17 20 21
2 3 4 9 11 13 14 15 18 19 22
1 5 6 7 8 11 15 16 17 18 21
2 3 4 9 10 12 13 14 19 20 22
1 5 6 7 8 14 16 17 19 21 22
2 3 4 9 10 11 12 13 15 18 20
1 5 6 8 10 11 15 17 18 20 21
2 3 4 7 9 12 13 14 16 19 22
1 5 6 8 10 14 17 19 20 21 22
2 3 4 7 9 11 12 13 15 16 18
1 7 10 11 14 15 16 18 19 20 22
2 3 4 5 6 8 9 12 13 17 21
