2.000000
1 4 7 8 10 11 14 15 17 18
2 3 5 6 9 12 13 16 19 20
1 4 7 8 11 12 14 15 17 18
2 3 5 6 9 10 13 16 19 20
1 4 7 8 11 13 14 15 17 18
2 3 5 6 9 10 12 16 19 20
1 4 7 8 11 14 15 17 18 20
2 3 5 6 9 10 12 13 16 19
1 4 7 10 12 13 14 15 17 20
2 3 5 6 8 9 11 16 18 19
1 4 8 10 11 12 14 15 17 18
2 3 5 6 7 9 13 16 19 20
1 4 8 10 11 13 14 15 17 18
2 3 5 6 7 9 12 16 19 20
1 4 8 10 11 14 15 17 18 20
2 3 5 6 7 9 12 13 16 19
1 4 8 11 12 13 14 15 17 18
2 3 5 6 7 9 10 16 19 20
1 4 8 11 12 14 15 17 18 20
2 3 5 6 7 9 10 13 16 19
1 4 8 11 13 14 15 17 18 20
2 3 5 6 7 9 10 12 16 19
