2.236068
1 2 3 4 6 7 10 15 16 18 20
5 8 9 11 12 13 14 17 19 21 22
1 2 3 6 7 8 10 15 16 17 20
4 5 9 11 12 13 14 18 19 21 22
1 2 3 6 7 10 11 14 15 16 20
4 5 8 9 12 13 17 18 19 21 22
1 2 3 6 7 10 12 13 15 16 20
4 5 8 9 11 14 17 18 19 21 22
1 3 4 5 8 9 17 18 19 21 22
2 6 7 10 11 12 13 14 15 16 20
1 3 4 5 9 11 14 18 19 21 22
2 6 7 8 10 12 13 15 16 17 20
1 3 4 5 9 12 13 18 19 21 22
2 6 7 8 10 11 14 15 16 17 20
1 3 5 8 9 11 14 17 19 21 22
2 4 6 7 10 12 13 15 16 18 20
1 3 5 8 9 12 13 17 19 21 22
2 4 6 7 10 11 14 15 16 18 20
1 3 5 9 11 12 13 14 19 21 22
2 4 6 7 8 10 15 16 17 18 20
