2.000000
1 2 3 6 8 10 11 12 13
4 5 7 9 14 15 16 17 18
1 2 4 6 8 10 11 12 13
3 5 7 9 14 15 16 17 18
1 2 6 8 10 11 12 13 14
3 4 5 7 9 15 16 17 18
1 2 6 8 10 11 12 13 15
3 4 5 7 9 14 16 17 18
1 2 6 8 10 11 12 13 16
3 4 5 7 9 14 15 17 18
1 2 6 8 10 11 12 13 17
3 4 5 7 9 14 15 16 18
1 2 6 8 10 11 12 13 18
3 4 5 7 9 14 15 16 17
1 3 4 5 6 7 9 12 13
2 8 10 11 14 15 16 17 18
1 3 4 6 12 13 14 15 16
2 5 7 8 9 10 11 17 18
1 3 4 6 12 13 14 15 17
2 5 7 8 9 10 11 16 18
1 3 4 6 12 13 14 15 18
2 5 7 8 9 10 11 16 17
1 3 4 6 12 13 14 16 17
2 5 7 8 9 10 11 15 18
1 3 4 6 12 13 14 16 18
2 5 7 8 9 10 11 15 17
1 3 4 6 12 13 14 17 18
2 5 7 8 9 10 11 15 16
1 3 4 6 12 13 15 16 17
2 5 7 8 9 10 11 14 18
1 3 4 6 12 13 15 16 18
2 5 7 8 9 10 11 14 17
1 3 4 6 12 13 15 17 18
2 5 7 8 9 10 11 14 16
1 3 4 6 12 13 16 17 18
2 5 7 8 9 10 11 14 15
1 3 5 6 7 9 12 13 14
2 4 8 10 11 15 16 17 18
1 3 5 6 7 9 12 13 15
2 4 8 10 11 14 16 17 18
1 3 5 6 7 9 12 13 16
2 4 8 10 11 14 15 17 18
1 3 5 6 7 9 12 13 17
2 4 8 10 11 14 15 16 18
1 3 5 6 7 9 12 13 18
2 4 8 10 11 14 15 16 17
1 3 6 12 13 14 15 16 17
2 4 5 7 8 9 10 11 18
1 3 6 12 13 14 15 16 18
2 4 5 7 8 9 10 11 17
1 3 6 12 13 14 15 17 18
2 4 5 7 8 9 10 11 16
1 3 6 12 13 14 16 17 18
2 4 5 7 8 9 10 11 15
1 3 6 12 13 15 16 17 18
2 4 5 7 8 9 10 11 14
1 4 5 6 7 9 12 13 14
2 3 8 10 11 15 16 17 18
1 4 5 6 7 9 12 13 15
2 3 8 10 11 14 16 17 18
1 4 5 6 7 9 12 13 16
2 3 8 10 11 14 15 17 18
1 4 5 6 7 9 12 13 17
2 3 8 10 11 14 15 16 18
1 4 5 6 7 9 12 13 18
2 3 8 10 11 14 15 16 17
1 4 6 12 13 14 15 16 17
2 3 5 7 8 9 10 11 18
1 4 6 12 13 14 15 16 18
2 3 5 7 8 9 10 11 17
1 4 6 12 13 14 15 17 18
2 3 5 7 8 9 10 11 16
1 4 6 12 13 14 16 17 18
2 3 5 7 8 9 10 11 15
1 4 6 12 13 15 16 17 18
2 3 5 7 8 9 10 11 14
1 5 6 7 9 12 13 14 15
2 3 4 8 10 11 16 17 18
1 5 6 7 9 12 13 14 16
2 3 4 8 10 11 15 17 18
1 5 6 7 9 12 13 14 17
2 3 4 8 10 11 15 16 18
1 5 6 7 9 12 13 14 18
2 3 4 8 10 11 15 16 17
1 5 6 7 9 12 13 15 16
2 3 4 8 10 11 14 17 18
1 5 6 7 9 12 13 15 17
2 3 4 8 10 11 14 16 18
1 5 6 7 9 12 13 15 18
2 3 4 8 10 11 14 16 17
1 5 6 7 9 12 13 16 17
2 3 4 8 10 11 14 15 18
1 5 6 7 9 12 13 16 18
2 3 4 8 10 11 14 15 17
1 5 6 7 9 12 13 17 18
2 3 4 8 10 11 14 15 16
1 6 12 13 14 15 16 17 18
2 3 4 5 7 8 9 10 11
