1.414214
1 2 3 5 8 13 14
4 6 7 9 10 11 12
1 2 5 7 8 13 14
3 4 6 9 10 11 12
1 2 5 8 9 13 14
3 4 6 7 10 11 12
1 2 5 8 11 13 14
3 4 6 7 9 10 12
1 2 5 8 12 13 14
3 4 6 7 9 10 11
1 3 4 6 7 10 14
2 5 8 9 11 12 13
1 3 4 6 9 10 14
2 5 7 8 11 12 13
1 3 4 6 10 11 14
2 5 7 8 9 12 13
1 3 4 6 10 12 14
2 5 7 8 9 11 13
1 3 7 9 11 12 14
2 4 5 6 8 10 13
1 4 6 7 9 10 14
2 3 5 8 11 12 13
1 4 6 7 10 11 14
2 3 5 8 9 12 13
1 4 6 7 10 12 14
2 3 5 8 9 11 13
1 4 6 9 10 11 14
2 3 5 7 8 12 13
1 4 6 9 10 12 14
2 3 5 7 8 11 13
1 4 6 10 11 12 14
2 3 5 7 8 9 13
