2.000000
1 2 4 6 8 10 15 17 18 20
3 5 7 9 11 12 13 14 16 19
1 2 4 6 8 11 15 16 18 19
3 5 7 9 10 12 13 14 17 20
1 2 4 6 10 11 15 16 18 19
3 5 7 8 9 12 13 14 17 20
1 2 4 6 11 15 16 17 18 19
3 5 7 8 9 10 12 13 14 20
1 2 4 6 11 15 16 18 19 20
3 5 7 8 9 10 12 13 14 17
1 2 4 8 10 11 15 16 18 19
3 5 6 7 9 12 13 14 17 20
1 2 4 8 11 15 16 17 18 19
3 5 6 7 9 10 12 13 14 20
1 2 4 8 11 15 16 18 19 20
3 5 6 7 9 10 12 13 14 17
1 2 4 10 11 15 16 17 18 19
3 5 6 7 8 9 12 13 14 20
1 2 4 10 11 15 16 18 19 20
3 5 6 7 8 9 12 13 14 17
1 2 4 11 15 16 17 18 19 20
3 5 6 7 8 9 10 12 13 14
1 2 6 8 10 11 15 16 18 19
3 4 5 7 9 12 13 14 17 20
1 2 6 8 11 15 16 17 18 19
3 4 5 7 9 10 12 13 14 20
1 2 6 8 11 15 16 18 19 20
3 4 5 7 9 10 12 13 14 17
1 2 6 10 11 15 16 17 18 19
3 4 5 7 8 9 12 13 14 20
1 2 6 10 11 15 16 18 19 20
3 4 5 7 8 9 12 13 14 17
1 2 6 11 15 16 17 18 19 20
3 4 5 7 8 9 10 12 13 14
1 2 8 10 11 15 16 17 18 19
3 4 5 6 7 9 12 13 14 20
1 2 8 10 11 15 16 18 19 20
3 4 5 6 7 9 12 13 14 17
1 2 8 11 15 16 17 18 19 20
3 4 5 6 7 9 10 12 13 14
1 2 10 11 15 16 17 18 19 20
3 4 5 6 7 8 9 12 13 14
1 3 4 5 7 9 12 13 14 18
2 6 8 10 11 15 16 17 19 20
1 3 5 6 7 9 12 13 14 18
2 4 8 10 11 15 16 17 19 20
1 3 5 7 8 9 12 13 14 18
2 4 6 10 11 15 16 17 19 20
1 3 5 7 9 10 12 13 14 18
2 4 6 8 11 15 16 17 19 20
1 3 5 7 9 12 13 14 17 18
2 4 6 8 10 11 15 16 19 20
1 3 5 7 9 12 13 14 18 20
2 4 6 8 10 11 15 16 17 19
1 4 6 8 10 11 16 17 18 19
2 3 5 7 9 12 13 14 15 20
1 4 6 8 10 11 16 18 19 20
2 3 5 7 9 12 13 14 15 17
1 4 6 8 11 16 17 18 19 20
2 3 5 7 9 10 12 13 14 15
1 4 6 10 11 16 17 18 19 20
2 3 5 7 8 9 12 13 14 15
1 4 8 10 11 16 17 18 19 20
2 3 5 6 7 9 12 13 14 15
1 6 8 10 11 16 17 18 19 20
2 3 4 5 7 9 12 13 14 15
