2.236068
1 2 3 5 7 13 14 16 18 20
4 6 8 9 10 11 12 15 17 19
1 2 4 5 6 13 16 17 18 20
3 7 8 9 10 11 12 14 15 19
1 2 4 5 9 13 16 17 18 20
3 6 7 8 10 11 12 14 15 19
1 2 4 5 11 13 16 17 18 20
3 6 7 8 9 10 12 14 15 19
1 2 4 5 13 16 17 18 19 20
3 6 7 8 9 10 11 12 14 15
1 2 5 6 8 12 13 16 18 20
3 4 7 9 10 11 14 15 17 19
1 2 5 6 9 11 13 16 18 20
3 4 7 8 10 12 14 15 17 19
1 2 5 6 9 13 16 18 19 20
3 4 7 8 10 11 12 14 15 17
1 2 5 6 10 13 15 16 18 20
3 4 7 8 9 11 12 14 17 19
1 2 5 6 11 13 16 18 19 20
3 4 7 8 9 10 12 14 15 17
1 2 5 8 9 12 13 16 18 20
3 4 6 7 10 11 14 15 17 19
1 2 5 8 11 12 13 16 18 20
3 4 6 7 9 10 14 15 17 19
1 2 5 8 12 13 16 18 19 20
3 4 6 7 9 10 11 14 15 17
1 2 5 9 10 13 15 16 18 20
3 4 6 7 8 11 12 14 17 19
1 2 5 9 11 13 16 18 19 20
3 4 6 7 8 10 12 14 15 17
1 2 5 10 11 13 15 16 18 20
3 4 6 7 8 9 12 14 17 19
1 2 5 10 13 15 16 18 19 20
3 4 6 7 8 9 11 12 14 17
1 3 5 6 7 13 14 16 18 20
2 4 8 9 10 11 12 15 17 19
1 3 5 7 9 13 14 16 18 20
2 4 6 8 10 11 12 15 17 19
1 3 5 7 11 13 14 16 18 20
2 4 6 8 9 10 12 15 17 19
1 3 5 7 13 14 16 18 19 20
2 4 6 8 9 10 11 12 15 17
1 4 5 6 9 13 16 17 18 20
2 3 7 8 10 11 12 14 15 19
1 4 5 6 11 13 16 17 18 20
2 3 7 8 9 10 12 14 15 19
1 4 5 6 13 16 17 18 19 20
2 3 7 8 9 10 11 12 14 15
1 4 5 8 12 13 16 17 18 20
2 3 6 7 9 10 11 14 15 19
1 4 5 9 11 13 16 17 18 20
2 3 6 7 8 10 12 14 15 19
1 4 5 9 13 16 17 18 19 20
2 3 6 7 8 10 11 12 14 15
1 4 5 10 13 15 16 17 18 20
2 3 6 7 8 9 11 12 14 19
1 4 5 11 13 16 17 18 19 20
2 3 6 7 8 9 10 12 14 15
1 5 6 8 9 12 13 16 18 20
2 3 4 7 10 11 14 15 17 19
1 5 6 8 11 12 13 16 18 20
2 3 4 7 9 10 14 15 17 19
1 5 6 8 12 13 16 18 19 20
2 3 4 7 9 10 11 14 15 17
1 5 6 9 10 13 15 16 18 20
2 3 4 7 8 11 12 14 17 19
1 5 6 9 11 13 16 18 19 20
2 3 4 7 8 10 12 14 15 17
1 5 6 10 11 13 15 16 18 20
2 3 4 7 8 9 12 14 17 19
1 5 6 10 13 15 16 18 19 20
2 3 4 7 8 9 11 12 14 17
1 5 8 9 11 12 13 16 18 20
2 3 4 6 7 10 14 15 17 19
1 5 8 9 12 13 16 18 19 20
2 3 4 6 7 10 11 14 15 17
1 5 8 10 12 13 15 16 18 20
2 3 4 6 7 9 11 14 17 19
1 5 8 11 12 13 16 18 19 20
2 3 4 6 7 9 10 14 15 17
1 5 9 10 11 13 15 16 18 20
2 3 4 6 7 8 12 14 17 19
1 5 9 10 13 15 16 18 19 20
2 3 4 6 7 8 11 12 14 17
1 5 10 11 13 15 16 18 19 20
2 3 4 6 7 8 9 12 14 17
