2.236068
1 3 5 7 8 11 12 13 15 18
2 4 6 9 10 14 16 17 19 20
1 3 5 7 8 11 13 14 15 18
2 4 6 9 10 12 16 17 19 20
1 3 5 7 8 11 13 15 16 18
2 4 6 9 10 12 14 17 19 20
1 3 5 7 8 12 13 14 15 18
2 4 6 9 10 11 16 17 19 20
1 3 5 7 8 12 13 15 16 18
2 4 6 9 10 11 14 17 19 20
1 3 5 7 8 13 14 15 16 18
2 4 6 9 10 11 12 17 19 20
1 5 7 8 11 12 13 14 15 18
2 3 4 6 9 10 16 17 19 20
1 5 7 8 11 12 13 15 16 18
2 3 4 6 9 10 14 17 19 20
1 5 7 8 11 13 14 15 16 18
2 3 4 6 9 10 12 17 19 20
1 5 7 8 12 13 14 15 16 18
2 3 4 6 9 10 11 17 19 20
