2.236068
1 2 3 6 7 9 10 11 12 18 21
4 5 8 13 14 15 16 17 19 20 22
1 2 3 7 9 10 11 13 17 18 21
4 5 6 8 12 14 15 16 19 20 22
1 2 3 7 9 10 11 13 18 20 21
4 5 6 8 12 14 15 16 17 19 22
1 2 3 7 9 10 11 13 18 21 22
4 5 6 8 12 14 15 16 17 19 20
1 2 3 7 9 10 11 17 18 20 21
4 5 6 8 12 13 14 15 16 19 22
1 2 3 7 9 10 11 17 18 21 22
4 5 6 8 12 13 14 15 16 19 20
1 2 3 7 9 10 11 18 20 21 22
4 5 6 8 12 13 14 15 16 17 19
1 3 6 9 10 11 12 13 17 18 21
2 4 5 7 8 14 15 16 19 20 22
1 3 6 9 10 11 12 13 18 20 21
2 4 5 7 8 14 15 16 17 19 22
1 3 6 9 10 11 12 13 18 21 22
2 4 5 7 8 14 15 16 17 19 20
1 3 6 9 10 11 12 17 18 20 21
2 4 5 7 8 13 14 15 16 19 22
1 3 6 9 10 11 12 17 18 21 22
2 4 5 7 8 13 14 15 16 19 20
1 3 6 9 10 11 12 18 20 21 22
2 4 5 7 8 13 14 15 16 17 19
1 3 9 10 11 13 17 18 20 21 22
2 4 5 6 7 8 12 14 15 16 19
