2.000000
1 2 3 6 7 10 12 16
4 5 8 9 11 13 14 15
1 2 3 6 7 11 12 16
4 5 8 9 10 13 14 15
1 2 3 6 9 10 12 14
4 5 7 8 11 13 15 16
1 2 3 6 9 11 12 14
4 5 7 8 10 13 15 16
1 2 3 7 9 12 14 16
4 5 6 8 10 11 13 15
1 2 3 7 10 11 12 16
4 5 6 8 9 13 14 15
1 2 3 9 10 11 12 14
4 5 6 7 8 13 15 16
1 2 4 5 6 8 13 15
3 7 9 10 11 12 14 16
1 2 4 5 8 10 13 15
3 6 7 9 11 12 14 16
1 2 4 5 8 11 13 15
3 6 7 9 10 12 14 16
1 2 6 7 9 10 14 16
3 4 5 8 11 12 13 15
1 2 6 7 9 11 14 16
3 4 5 8 10 12 13 15
1 2 7 9 10 11 14 16
3 4 5 6 8 12 13 15
