2.000000
1 2 3 5 7 8 9
4 6 10 11 12 13 14
1 2 4 5 6 7 9
3 8 10 11 12 13 14
1 2 5 7 9 10 13
3 4 6 8 11 12 14
1 2 5 7 9 10 14
3 4 6 8 11 12 13
1 2 5 7 9 11 12
3 4 6 8 10 13 14
1 2 5 7 9 13 14
3 4 6 8 10 11 12
1 3 5 7 8 9 10
2 4 6 11 12 13 14
1 3 5 7 8 9 13
2 4 6 10 11 12 14
1 3 5 7 8 9 14
2 4 6 10 11 12 13
1 4 5 6 7 9 10
2 3 8 11 12 13 14
1 4 5 6 7 9 13
2 3 8 10 11 12 14
1 4 5 6 7 9 14
2 3 8 10 11 12 13
1 5 7 9 10 11 12
2 3 4 6 8 13 14
1 5 7 9 10 13 14
2 3 4 6 8 11 12
1 5 7 9 11 12 13
2 3 4 6 8 10 14
1 5 7 9 11 12 14
2 3 4 6 8 10 13
