2.236068
1 2 3 6 8 14 17 18 19 20
4 5 7 9 10 11 12 13 15 16
1 2 3 6 9 14 17 18 19 20
4 5 7 8 10 11 12 13 15 16
1 2 3 6 12 14 17 18 19 20
4 5 7 8 9 10 11 13 15 16
1 2 3 6 13 14 17 18 19 20
4 5 7 8 9 10 11 12 15 16
1 2 3 6 14 15 17 18 19 20
4 5 7 8 9 10 11 12 13 16
1 2 3 8 9 14 17 18 19 20
4 5 6 7 10 11 12 13 15 16
1 2 3 8 12 14 17 18 19 20
4 5 6 7 9 10 11 13 15 16
1 2 3 8 13 14 17 18 19 20
4 5 6 7 9 10 11 12 15 16
1 2 3 8 14 15 17 18 19 20
4 5 6 7 9 10 11 12 13 16
1 2 3 9 12 14 17 18 19 20
4 5 6 7 8 10 11 13 15 16
1 2 3 9 13 14 17 18 19 20
4 5 6 7 8 10 11 12 15 16
1 2 3 9 14 15 17 18 19 20
4 5 6 7 8 10 11 12 13 16
1 2 3 11 14 16 17 18 19 20
4 5 6 7 8 9 10 12 13 15
1 2 3 12 13 14 17 18 19 20
4 5 6 7 8 9 10 11 15 16
1 2 3 12 14 15 17 18 19 20
4 5 6 7 8 9 10 11 13 16
1 2 3 13 14 15 17 18 19 20
4 5 6 7 8 9 10 11 12 16
1 2 6 8 9 14 17 18 19 20
3 4 5 7 10 11 12 13 15 16
1 2 6 8 12 14 17 18 19 20
3 4 5 7 9 10 11 13 15 16
1 2 6 8 13 14 17 18 19 20
3 4 5 7 9 10 11 12 15 16
1 2 6 8 14 15 17 18 19 20
3 4 5 7 9 10 11 12 13 16
1 2 6 9 12 14 17 18 19 20
3 4 5 7 8 10 11 13 15 16
1 2 6 9 13 14 17 18 19 20
3 4 5 7 8 10 11 12 15 16
1 2 6 9 14 15 17 18 19 20
3 4 5 7 8 10 11 12 13 16
1 2 6 11 14 16 17 18 19 20
3 4 5 7 8 9 10 12 13 15
1 2 6 12 13 14 17 18 19 20
3 4 5 7 8 9 10 11 15 16
1 2 6 12 14 15 17 18 19 20
3 4 5 7 8 9 10 11 13 16
1 2 6 13 14 15 17 18 19 20
3 4 5 7 8 9 10 11 12 16
1 2 8 9 12 14 17 18 19 20
3 4 5 6 7 10 11 13 15 16
1 2 8 9 13 14 17 18 19 20
3 4 5 6 7 10 11 12 15 16
1 2 8 9 14 15 17 18 19 20
3 4 5 6 7 10 11 12 13 16
1 2 8 11 14 16 17 18 19 20
3 4 5 6 7 9 10 12 13 15
1 2 8 12 13 14 17 18 19 20
3 4 5 6 7 9 10 11 15 16
1 2 8 12 14 15 17 18 19 20
3 4 5 6 7 9 10 11 13 16
1 2 8 13 14 15 17 18 19 20
3 4 5 6 7 9 10 11 12 16
1 2 9 11 14 16 17 18 19 20
3 4 5 6 7 8 10 12 13 15
1 2 9 12 13 14 17 18 19 20
3 4 5 6 7 8 10 11 15 16
1 2 9 12 14 15 17 18 19 20
3 4 5 6 7 8 10 11 13 16
1 2 9 13 14 15 17 18 19 20
3 4 5 6 7 8 10 11 12 16
1 2 11 12 14 16 17 18 19 20
3 4 5 6 7 8 9 10 13 15
1 2 11 13 14 16 17 18 19 20
3 4 5 6 7 8 9 10 12 15
1 2 11 14 15 16 17 18 19 20
3 4 5 6 7 8 9 10 12 13
1 2 12 13 14 15 17 18 19 20
3 4 5 6 7 8 9 10 11 16
