2.000000
1 2 4 6 8 9 12 14
3 5 7 10 11 13 15 16
1 2 4 6 8 10 12 14
3 5 7 9 11 13 15 16
1 2 4 6 8 11 12 14
3 5 7 9 10 13 15 16
1 2 4 6 8 12 14 16
3 5 7 9 10 11 13 15
1 3 5 7 8 13 14 15
2 4 6 9 10 11 12 16
1 3 8 9 10 13 14 15
2 4 5 6 7 11 12 16
1 3 8 9 11 13 14 15
2 4 5 6 7 10 12 16
1 3 8 9 13 14 15 16
2 4 5 6 7 10 11 12
1 3 8 10 11 13 14 15
2 4 5 6 7 9 12 16
1 3 8 10 13 14 15 16
2 4 5 6 7 9 11 12
1 3 8 11 13 14 15 16
2 4 5 6 7 9 10 12
1 5 7 8 9 10 11 14
2 3 4 6 12 13 15 16
1 5 7 8 9 10 14 16
2 3 4 6 11 12 13 15
1 5 7 8 9 11 14 16
2 3 4 6 10 12 13 15
1 5 7 8 10 11 14 16
2 3 4 6 9 12 13 15
