1.414214
1 2 3 4 5 8 10
6 7 9 11 12 13 14
1 2 3 4 5 8 12
6 7 9 10 11 13 14
1 2 3 4 5 10 12
6 7 8 9 11 13 14
1 2 5 6 8 13 14
3 4 7 9 10 11 12
1 2 5 6 10 13 14
3 4 7 8 9 11 12
1 2 5 6 12 13 14
3 4 7 8 9 10 11
1 2 5 7 8 9 11
3 4 6 10 12 13 14
1 2 5 7 9 10 11
3 4 6 8 12 13 14
1 2 5 7 9 11 12
3 4 6 8 10 13 14
1 3 4 5 6 13 14
2 7 8 9 10 11 12
1 3 4 5 7 9 11
2 6 8 10 12 13 14
1 3 4 5 8 10 12
2 6 7 9 11 13 14
1 5 6 8 10 13 14
2 3 4 7 9 11 12
1 5 6 8 12 13 14
2 3 4 7 9 10 11
1 5 6 10 12 13 14
2 3 4 7 8 9 11
1 5 7 8 9 10 11
2 3 4 6 12 13 14
1 5 7 8 9 11 12
2 3 4 6 10 13 14
1 5 7 9 10 11 12
2 3 4 6 8 13 14
