2.236068
1 2 3 4 7 8 9 11 14
5 6 10 12 13 15 16 17 18
1 2 4 5 7 8 9 11 14
3 6 10 12 13 15 16 17 18
1 2 4 6 7 8 9 11 14
3 5 10 12 13 15 16 17 18
1 2 4 7 8 9 11 13 14
3 5 6 10 12 15 16 17 18
1 2 4 7 8 9 11 14 17
3 5 6 10 12 13 15 16 18
1 3 4 5 7 8 9 11 14
2 6 10 12 13 15 16 17 18
1 3 4 6 7 8 9 11 14
2 5 10 12 13 15 16 17 18
1 3 4 7 8 9 11 13 14
2 5 6 10 12 15 16 17 18
1 3 4 7 8 9 11 14 17
2 5 6 10 12 13 15 16 18
1 4 5 6 7 8 9 11 14
2 3 10 12 13 15 16 17 18
1 4 5 7 8 9 11 13 14
2 3 6 10 12 15 16 17 18
1 4 5 7 8 9 11 14 17
2 3 6 10 12 13 15 16 18
1 4 6 7 8 9 11 13 14
2 3 5 10 12 15 16 17 18
1 4 6 7 8 9 11 14 17
2 3 5 10 12 13 15 16 18
1 4 7 8 9 11 13 14 17
2 3 5 6 10 12 15 16 18
