1.414214
1 2 3 4 9
5 6 7 8 10
1 2 5 6 9
3 4 7 8 10
1 2 5 7 9
3 4 6 8 10
1 2 5 8 9
3 4 6 7 10
1 2 5 9 10
3 4 6 7 8
1 2 6 7 9
3 4 5 8 10
1 2 6 8 9
3 4 5 7 10
1 2 6 9 10
3 4 5 7 8
1 2 7 8 9
3 4 5 6 10
1 2 7 9 10
3 4 5 6 8
1 2 8 9 10
3 4 5 6 7
1 3 4 5 9
2 6 7 8 10
1 3 4 6 9
2 5 7 8 10
1 3 4 7 9
2 5 6 8 10
1 3 4 8 9
2 5 6 7 10
1 3 4 9 10
2 5 6 7 8
1 5 6 7 9
2 3 4 8 10
1 5 6 8 9
2 3 4 7 10
1 5 6 9 10
2 3 4 7 8
1 5 7 8 9
2 3 4 6 10
1 5 7 9 10
2 3 4 6 8
1 5 8 9 10
2 3 4 6 7
1 6 7 8 9
2 3 4 5 10
1 6 7 9 10
2 3 4 5 8
1 6 8 9 10
2 3 4 5 7
1 7 8 9 10
2 3 4 5 6
