2.000000
1 2 3 6 9 13 16 17 18
4 5 7 8 10 11 12 14 15
1 2 3 9 12 13 16 17 18
4 5 6 7 8 10 11 14 15
1 2 3 9 13 14 16 17 18
4 5 6 7 8 10 11 12 15
1 2 6 7 9 11 16 17 18
3 4 5 8 10 12 13 14 15
1 2 6 9 12 14 16 17 18
3 4 5 7 8 10 11 13 15
1 2 7 9 11 12 16 17 18
3 4 5 6 8 10 13 14 15
1 2 7 9 11 14 16 17 18
3 4 5 6 8 10 12 13 15
1 3 6 7 9 11 13 17 18
2 4 5 8 10 12 14 15 16
1 3 6 9 12 13 14 17 18
2 4 5 7 8 10 11 15 16
1 3 7 9 11 12 13 17 18
2 4 5 6 8 10 14 15 16
1 3 7 9 11 13 14 17 18
2 4 5 6 8 10 12 15 16
1 4 5 8 9 10 15 17 18
2 3 6 7 11 12 13 14 16
1 6 7 9 11 12 14 17 18
2 3 4 5 8 10 13 15 16
