2.236068
1 3 4 5 10 11 12 14 16
2 6 7 8 9 13 15 17 18
1 3 4 5 10 11 12 14 17
2 6 7 8 9 13 15 16 18
1 3 4 5 10 11 12 14 18
2 6 7 8 9 13 15 16 17
1 3 4 5 11 12 14 16 17
2 6 7 8 9 10 13 15 18
1 3 4 5 11 12 14 16 18
2 6 7 8 9 10 13 15 17
1 3 4 5 11 12 14 17 18
2 6 7 8 9 10 13 15 16
1 3 4 10 11 12 14 16 17
2 5 6 7 8 9 13 15 18
1 3 4 10 11 12 14 16 18
2 5 6 7 8 9 13 15 17
1 3 4 10 11 12 14 17 18
2 5 6 7 8 9 13 15 16
1 3 4 11 12 14 16 17 18
2 5 6 7 8 9 10 13 15
1 3 5 10 11 12 14 16 17
2 4 6 7 8 9 13 15 18
1 3 5 10 11 12 14 16 18
2 4 6 7 8 9 13 15 17
1 3 5 10 11 12 14 17 18
2 4 6 7 8 9 13 15 16
1 3 5 11 12 14 16 17 18
2 4 6 7 8 9 10 13 15
1 3 10 11 12 14 16 17 18
2 4 5 6 7 8 9 13 15
1 4 5 10 11 14 16 17 18
2 3 6 7 8 9 12 13 15
