1.414214
1 2 3 4 5 11 14
6 7 8 9 10 12 13
1 2 3 4 6 8 14
5 7 9 10 11 12 13
1 2 3 4 6 10 14
5 7 8 9 11 12 13
1 2 3 4 6 12 14
5 7 8 9 10 11 13
1 2 3 4 6 13 14
5 7 8 9 10 11 12
1 2 3 4 7 9 14
5 6 8 10 11 12 13
1 2 3 4 8 10 14
5 6 7 9 11 12 13
1 2 3 4 8 12 14
5 6 7 9 10 11 13
1 2 3 4 8 13 14
5 6 7 9 10 11 12
1 2 3 4 10 12 14
5 6 7 8 9 11 13
1 2 3 4 10 13 14
5 6 7 8 9 11 12
1 2 3 4 12 13 14
5 6 7 8 9 10 11
1 2 3 5 6 11 14
4 7 8 9 10 12 13
1 2 3 5 8 11 14
4 6 7 9 10 12 13
1 2 3 5 10 11 14
4 6 7 8 9 12 13
1 2 3 5 11 12 14
4 6 7 8 9 10 13
1 2 3 5 11 13 14
4 6 7 8 9 10 12
1 2 3 6 7 9 14
4 5 8 10 11 12 13
1 2 3 6 8 10 14
4 5 7 9 11 12 13
1 2 3 6 8 12 14
4 5 7 9 10 11 13
1 2 3 6 8 13 14
4 5 7 9 10 11 12
1 2 3 6 10 12 14
4 5 7 8 9 11 13
1 2 3 6 10 13 14
4 5 7 8 9 11 12
1 2 3 6 12 13 14
4 5 7 8 9 10 11
1 2 3 7 8 9 14
4 5 6 10 11 12 13
1 2 3 7 9 10 14
4 5 6 8 11 12 13
1 2 3 7 9 12 14
4 5 6 8 10 11 13
1 2 3 7 9 13 14
4 5 6 8 10 11 12
1 2 3 8 10 12 14
4 5 6 7 9 11 13
1 2 3 8 10 13 14
4 5 6 7 9 11 12
1 2 3 8 12 13 14
4 5 6 7 9 10 11
1 2 3 10 12 13 14
4 5 6 7 8 9 11
1 2 4 5 6 11 14
3 7 8 9 10 12 13
1 2 4 5 8 11 14
3 6 7 9 10 12 13
1 2 4 5 10 11 14
3 6 7 8 9 12 13
1 2 4 5 11 12 14
3 6 7 8 9 10 13
1 2 4 5 11 13 14
3 6 7 8 9 10 12
1 2 4 6 7 9 14
3 5 8 10 11 12 13
1 2 4 6 8 10 14
3 5 7 9 11 12 13
1 2 4 6 8 12 14
3 5 7 9 10 11 13
1 2 4 6 8 13 14
3 5 7 9 10 11 12
1 2 4 6 10 12 14
3 5 7 8 9 11 13
1 2 4 6 10 13 14
3 5 7 8 9 11 12
1 2 4 6 12 13 14
3 5 7 8 9 10 11
1 2 4 7 8 9 14
3 5 6 10 11 12 13
1 2 4 7 9 10 14
3 5 6 8 11 12 13
1 2 4 7 9 12 14
3 5 6 8 10 11 13
1 2 4 7 9 13 14
3 5 6 8 10 11 12
1 2 4 8 10 12 14
3 5 6 7 9 11 13
1 2 4 8 10 13 14
3 5 6 7 9 11 12
1 2 4 8 12 13 14
3 5 6 7 9 10 11
1 2 4 10 12 13 14
3 5 6 7 8 9 11
1 2 5 6 8 11 14
3 4 7 9 10 12 13
1 2 5 6 10 11 14
3 4 7 8 9 12 13
1 2 5 6 11 12 14
3 4 7 8 9 10 13
1 2 5 6 11 13 14
3 4 7 8 9 10 12
1 2 5 7 9 11 14
3 4 6 8 10 12 13
1 2 5 8 10 11 14
3 4 6 7 9 12 13
1 2 5 8 11 12 14
3 4 6 7 9 10 13
1 2 5 8 11 13 14
3 4 6 7 9 10 12
1 2 5 10 11 12 14
3 4 6 7 8 9 13
1 2 5 10 11 13 14
3 4 6 7 8 9 12
1 2 5 11 12 13 14
3 4 6 7 8 9 10
1 2 6 7 8 9 14
3 4 5 10 11 12 13
1 2 6 7 9 10 14
3 4 5 8 11 12 13
1 2 6 7 9 12 14
3 4 5 8 10 11 13
1 2 6 7 9 13 14
3 4 5 8 10 11 12
1 2 6 8 10 12 14
3 4 5 7 9 11 13
1 2 6 8 10 13 14
3 4 5 7 9 11 12
1 2 6 8 12 13 14
3 4 5 7 9 10 11
1 2 6 10 12 13 14
3 4 5 7 8 9 11
1 2 7 8 9 10 14
3 4 5 6 11 12 13
1 2 7 8 9 12 14
3 4 5 6 10 11 13
1 2 7 8 9 13 14
3 4 5 6 10 11 12
1 2 7 9 10 12 14
3 4 5 6 8 11 13
1 2 7 9 10 13 14
3 4 5 6 8 11 12
1 2 7 9 12 13 14
3 4 5 6 8 10 11
1 2 8 10 12 13 14
3 4 5 6 7 9 11
1 3 4 5 6 11 14
2 7 8 9 10 12 13
1 3 4 5 8 11 14
2 6 7 9 10 12 13
1 3 4 5 10 11 14
2 6 7 8 9 12 13
1 3 4 5 11 12 14
2 6 7 8 9 10 13
1 3 4 5 11 13 14
2 6 7 8 9 10 12
1 3 4 6 7 9 14
2 5 8 10 11 12 13
1 3 4 6 8 10 14
2 5 7 9 11 12 13
1 3 4 6 8 12 14
2 5 7 9 10 11 13
1 3 4 6 8 13 14
2 5 7 9 10 11 12
1 3 4 6 10 12 14
2 5 7 8 9 11 13
1 3 4 6 10 13 14
2 5 7 8 9 11 12
1 3 4 6 12 13 14
2 5 7 8 9 10 11
1 3 4 7 8 9 14
2 5 6 10 11 12 13
1 3 4 7 9 10 14
2 5 6 8 11 12 13
1 3 4 7 9 12 14
2 5 6 8 10 11 13
1 3 4 7 9 13 14
2 5 6 8 10 11 12
1 3 4 8 10 12 14
2 5 6 7 9 11 13
1 3 4 8 10 13 14
2 5 6 7 9 11 12
1 3 4 8 12 13 14
2 5 6 7 9 10 11
1 3 4 10 12 13 14
2 5 6 7 8 9 11
1 3 5 6 8 11 14
2 4 7 9 10 12 13
1 3 5 6 10 11 14
2 4 7 8 9 12 13
1 3 5 6 11 12 14
2 4 7 8 9 10 13
1 3 5 6 11 13 14
2 4 7 8 9 10 12
1 3 5 7 9 11 14
2 4 6 8 10 12 13
1 3 5 8 10 11 14
2 4 6 7 9 12 13
1 3 5 8 11 12 14
2 4 6 7 9 10 13
1 3 5 8 11 13 14
2 4 6 7 9 10 12
1 3 5 10 11 12 14
2 4 6 7 8 9 13
1 3 5 10 11 13 14
2 4 6 7 8 9 12
1 3 5 11 12 13 14
2 4 6 7 8 9 10
1 3 6 7 8 9 14
2 4 5 10 11 12 13
1 3 6 7 9 10 14
2 4 5 8 11 12 13
1 3 6 7 9 12 14
2 4 5 8 10 11 13
1 3 6 7 9 13 14
2 4 5 8 10 11 12
1 3 6 8 10 12 14
2 4 5 7 9 11 13
1 3 6 8 10 13 14
2 4 5 7 9 11 12
1 3 6 8 12 13 14
2 4 5 7 9 10 11
1 3 6 10 12 13 14
2 4 5 7 8 9 11
1 3 7 8 9 10 14
2 4 5 6 11 12 13
1 3 7 8 9 12 14
2 4 5 6 10 11 13
1 3 7 8 9 13 14
2 4 5 6 10 11 12
1 3 7 9 10 12 14
2 4 5 6 8 11 13
1 3 7 9 10 13 14
2 4 5 6 8 11 12
1 3 7 9 12 13 14
2 4 5 6 8 10 11
1 3 8 10 12 13 14
2 4 5 6 7 9 11
1 4 5 6 8 11 14
2 3 7 9 10 12 13
1 4 5 6 10 11 14
2 3 7 8 9 12 13
1 4 5 6 11 12 14
2 3 7 8 9 10 13
1 4 5 6 11 13 14
2 3 7 8 9 10 12
1 4 5 7 9 11 14
2 3 6 8 10 12 13
1 4 5 8 10 11 14
2 3 6 7 9 12 13
1 4 5 8 11 12 14
2 3 6 7 9 10 13
1 4 5 8 11 13 14
2 3 6 7 9 10 12
1 4 5 10 11 12 14
2 3 6 7 8 9 13
1 4 5 10 11 13 14
2 3 6 7 8 9 12
1 4 5 11 12 13 14
2 3 6 7 8 9 10
1 4 6 7 8 9 14
2 3 5 10 11 12 13
1 4 6 7 9 10 14
2 3 5 8 11 12 13
1 4 6 7 9 12 14
2 3 5 8 10 11 13
1 4 6 7 9 13 14
2 3 5 8 10 11 12
1 4 6 8 10 12 14
2 3 5 7 9 11 13
1 4 6 8 10 13 14
2 3 5 7 9 11 12
1 4 6 8 12 13 14
2 3 5 7 9 10 11
1 4 6 10 12 13 14
2 3 5 7 8 9 11
1 4 7 8 9 10 14
2 3 5 6 11 12 13
1 4 7 8 9 12 14
2 3 5 6 10 11 13
1 4 7 8 9 13 14
2 3 5 6 10 11 12
1 4 7 9 10 12 14
2 3 5 6 8 11 13
1 4 7 9 10 13 14
2 3 5 6 8 11 12
1 4 7 9 12 13 14
2 3 5 6 8 10 11
1 4 8 10 12 13 14
2 3 5 6 7 9 11
1 5 6 7 9 11 14
2 3 4 8 10 12 13
1 5 6 8 10 11 14
2 3 4 7 9 12 13
1 5 6 8 11 12 14
2 3 4 7 9 10 13
1 5 6 8 11 13 14
2 3 4 7 9 10 12
1 5 6 10 11 12 14
2 3 4 7 8 9 13
1 5 6 10 11 13 14
2 3 4 7 8 9 12
1 5 6 11 12 13 14
2 3 4 7 8 9 10
1 5 7 8 9 11 14
2 3 4 6 10 12 13
1 5 7 9 10 11 14
2 3 4 6 8 12 13
1 5 7 9 11 12 14
2 3 4 6 8 10 13
1 5 7 9 11 13 14
2 3 4 6 8 10 12
1 5 8 10 11 12 14
2 3 4 6 7 9 13
1 5 8 10 11 13 14
2 3 4 6 7 9 12
1 5 8 11 12 13 14
2 3 4 6 7 9 10
1 5 10 11 12 13 14
2 3 4 6 7 8 9
1 6 7 8 9 10 14
2 3 4 5 11 12 13
1 6 7 8 9 12 14
2 3 4 5 10 11 13
1 6 7 8 9 13 14
2 3 4 5 10 11 12
1 6 7 9 10 12 14
2 3 4 5 8 11 13
1 6 7 9 10 13 14
2 3 4 5 8 11 12
1 6 7 9 12 13 14
2 3 4 5 8 10 11
1 6 8 10 12 13 14
2 3 4 5 7 9 11
1 7 8 9 10 12 14
2 3 4 5 6 11 13
1 7 8 9 10 13 14
2 3 4 5 6 11 12
1 7 8 9 12 13 14
2 3 4 5 6 10 11
1 7 9 10 12 13 14
2 3 4 5 6 8 11
