2.000000
1 2 3 4 6 7 9 11 14 18
5 8 10 12 13 15 16 17 19 20
1 2 3 4 6 11 12 13 14 18
5 7 8 9 10 15 16 17 19 20
1 2 3 4 6 11 14 16 17 18
5 7 8 9 10 12 13 15 19 20
1 2 3 4 6 11 14 18 19 20
5 7 8 9 10 12 13 15 16 17
1 2 3 6 7 11 12 13 14 18
4 5 8 9 10 15 16 17 19 20
1 2 3 6 7 11 14 16 17 18
4 5 8 9 10 12 13 15 19 20
1 2 3 6 7 11 14 18 19 20
4 5 8 9 10 12 13 15 16 17
1 2 3 6 9 11 12 13 14 18
4 5 7 8 10 15 16 17 19 20
1 2 3 6 9 11 14 16 17 18
4 5 7 8 10 12 13 15 19 20
1 2 3 6 9 11 14 18 19 20
4 5 7 8 10 12 13 15 16 17
1 2 4 6 7 11 12 13 14 18
3 5 8 9 10 15 16 17 19 20
1 2 4 6 7 11 14 16 17 18
3 5 8 9 10 12 13 15 19 20
1 2 4 6 7 11 14 18 19 20
3 5 8 9 10 12 13 15 16 17
1 2 4 6 9 11 12 13 14 18
3 5 7 8 10 15 16 17 19 20
1 2 4 6 9 11 14 16 17 18
3 5 7 8 10 12 13 15 19 20
1 2 4 6 9 11 14 18 19 20
3 5 7 8 10 12 13 15 16 17
1 2 5 6 8 10 11 14 15 18
3 4 7 9 12 13 16 17 19 20
1 2 6 7 9 11 12 13 14 18
3 4 5 8 10 15 16 17 19 20
1 2 6 7 9 11 14 16 17 18
3 4 5 8 10 12 13 15 19 20
1 2 6 7 9 11 14 18 19 20
3 4 5 8 10 12 13 15 16 17
1 2 6 11 12 13 14 16 17 18
3 4 5 7 8 9 10 15 19 20
1 2 6 11 12 13 14 18 19 20
3 4 5 7 8 9 10 15 16 17
1 2 6 11 14 16 17 18 19 20
3 4 5 7 8 9 10 12 13 15
1 3 4 6 7 11 12 13 14 18
2 5 8 9 10 15 16 17 19 20
1 3 4 6 7 11 14 16 17 18
2 5 8 9 10 12 13 15 19 20
1 3 4 6 7 11 14 18 19 20
2 5 8 9 10 12 13 15 16 17
1 3 4 6 9 11 12 13 14 18
2 5 7 8 10 15 16 17 19 20
1 3 4 6 9 11 14 16 17 18
2 5 7 8 10 12 13 15 19 20
1 3 4 6 9 11 14 18 19 20
2 5 7 8 10 12 13 15 16 17
1 3 5 6 8 10 11 14 15 18
2 4 7 9 12 13 16 17 19 20
1 3 6 7 9 11 12 13 14 18
2 4 5 8 10 15 16 17 19 20
1 3 6 7 9 11 14 16 17 18
2 4 5 8 10 12 13 15 19 20
1 3 6 7 9 11 14 18 19 20
2 4 5 8 10 12 13 15 16 17
1 3 6 11 12 13 14 16 17 18
2 4 5 7 8 9 10 15 19 20
1 3 6 11 12 13 14 18 19 20
2 4 5 7 8 9 10 15 16 17
1 3 6 11 14 16 17 18 19 20
2 4 5 7 8 9 10 12 13 15
1 4 5 6 8 10 11 14 15 18
2 3 7 9 12 13 16 17 19 20
1 4 6 7 9 11 12 13 14 18
2 3 5 8 10 15 16 17 19 20
1 4 6 7 9 11 14 16 17 18
2 3 5 8 10 12 13 15 19 20
1 4 6 7 9 11 14 18 19 20
2 3 5 8 10 12 13 15 16 17
1 4 6 11 12 13 14 16 17 18
2 3 5 7 8 9 10 15 19 20
1 4 6 11 12 13 14 18 19 20
2 3 5 7 8 9 10 15 16 17
1 4 6 11 14 16 17 18 19 20
2 3 5 7 8 9 10 12 13 15
1 5 6 7 8 10 11 14 15 18
2 3 4 9 12 13 16 17 19 20
1 5 6 8 9 10 11 14 15 18
2 3 4 7 12 13 16 17 19 20
1 6 7 11 12 13 14 16 17 18
2 3 4 5 8 9 10 15 19 20
1 6 7 11 12 13 14 18 19 20
2 3 4 5 8 9 10 15 16 17
1 6 7 11 14 16 17 18 19 20
2 3 4 5 8 9 10 12 13 15
1 6 9 11 12 13 14 16 17 18
2 3 4 5 7 8 10 15 19 20
1 6 9 11 12 13 14 18 19 20
2 3 4 5 7 8 10 15 16 17
1 6 9 11 14 16 17 18 19 20
2 3 4 5 7 8 10 12 13 15
