1.414214
1 2 5 7 8 9 13
3 4 6 10 11 12 14
1 2 6 7 8 9 13
3 4 5 10 11 12 14
1 2 7 8 9 10 13
3 4 5 6 11 12 14
1 2 7 8 9 11 13
3 4 5 6 10 12 14
1 2 7 8 9 12 13
3 4 5 6 10 11 14
1 3 4 5 6 10 14
2 7 8 9 11 12 13
1 3 4 5 6 11 14
2 7 8 9 10 12 13
1 3 4 5 6 12 14
2 7 8 9 10 11 13
1 3 4 5 10 11 14
2 6 7 8 9 12 13
1 3 4 5 10 12 14
2 6 7 8 9 11 13
1 3 4 5 11 12 14
2 6 7 8 9 10 13
1 3 4 6 10 11 14
2 5 7 8 9 12 13
1 3 4 6 10 12 14
2 5 7 8 9 11 13
1 3 4 6 11 12 14
2 5 7 8 9 10 13
1 3 4 10 11 12 14
2 5 6 7 8 9 13
