2.236068
1 2 3 7 8 9 12 13 16 17 21
4 5 6 10 11 14 15 18 19 20 22
1 2 3 7 8 9 12 16 17 18 21
4 5 6 10 11 13 14 15 19 20 22
1 2 3 7 8 9 12 16 17 19 21
4 5 6 10 11 13 14 15 18 20 22
1 2 3 7 9 12 13 16 17 18 21
4 5 6 8 10 11 14 15 19 20 22
1 2 3 7 9 12 13 16 17 19 21
4 5 6 8 10 11 14 15 18 20 22
1 2 3 7 9 12 16 17 18 19 21
4 5 6 8 10 11 13 14 15 20 22
1 2 3 8 9 12 13 16 17 18 21
4 5 6 7 10 11 14 15 19 20 22
1 2 3 8 9 12 13 16 17 19 21
4 5 6 7 10 11 14 15 18 20 22
1 2 3 8 9 12 16 17 18 19 21
4 5 6 7 10 11 13 14 15 20 22
1 2 3 9 12 13 16 17 18 19 21
4 5 6 7 8 10 11 14 15 20 22
1 2 4 5 6 10 11 14 15 20 22
3 7 8 9 12 13 16 17 18 19 21
1 2 4 7 8 10 11 13 14 18 22
3 5 6 9 12 15 16 17 19 20 21
1 2 4 7 8 10 11 13 14 19 22
3 5 6 9 12 15 16 17 18 20 21
1 2 4 7 8 10 11 14 18 19 22
3 5 6 9 12 13 15 16 17 20 21
1 2 4 7 10 11 13 14 18 19 22
3 5 6 8 9 12 15 16 17 20 21
1 2 4 8 10 11 13 14 18 19 22
3 5 6 7 9 12 15 16 17 20 21
1 2 5 6 7 8 13 15 18 19 20
3 4 9 10 11 12 14 16 17 21 22
1 3 5 6 9 12 15 16 17 20 21
2 4 7 8 10 11 13 14 18 19 22
1 3 7 8 9 12 13 16 17 18 21
2 4 5 6 10 11 14 15 19 20 22
1 3 7 8 9 12 13 16 17 19 21
2 4 5 6 10 11 14 15 18 20 22
1 3 7 8 9 12 16 17 18 19 21
2 4 5 6 10 11 13 14 15 20 22
1 3 7 9 12 13 16 17 18 19 21
2 4 5 6 8 10 11 14 15 20 22
1 3 8 9 12 13 16 17 18 19 21
2 4 5 6 7 10 11 14 15 20 22
1 4 5 6 7 10 11 14 15 20 22
2 3 8 9 12 13 16 17 18 19 21
1 4 5 6 8 10 11 14 15 20 22
2 3 7 9 12 13 16 17 18 19 21
1 4 5 6 10 11 13 14 15 20 22
2 3 7 8 9 12 16 17 18 19 21
1 4 5 6 10 11 14 15 18 20 22
2 3 7 8 9 12 13 16 17 19 21
1 4 5 6 10 11 14 15 19 20 22
2 3 7 8 9 12 13 16 17 18 21
1 4 7 8 10 11 13 14 18 19 22
2 3 5 6 9 12 15 16 17 20 21
