2.236068
1 2 3 4 5 6 7 10 12
8 9 11 13 14 15 16 17 18
1 2 3 4 6 7 8 12 13
5 9 10 11 14 15 16 17 18
1 2 3 4 6 7 8 12 14
5 9 10 11 13 15 16 17 18
1 2 3 4 6 7 11 12 15
5 8 9 10 13 14 16 17 18
1 2 3 4 6 7 12 13 14
5 8 9 10 11 15 16 17 18
1 5 8 9 10 13 16 17 18
2 3 4 6 7 11 12 14 15
1 5 8 9 10 14 16 17 18
2 3 4 6 7 11 12 13 15
1 5 9 10 11 15 16 17 18
2 3 4 6 7 8 12 13 14
1 5 9 10 13 14 16 17 18
2 3 4 6 7 8 11 12 15
1 8 9 11 13 15 16 17 18
2 3 4 5 6 7 10 12 14
1 8 9 11 14 15 16 17 18
2 3 4 5 6 7 10 12 13
1 9 11 13 14 15 16 17 18
2 3 4 5 6 7 8 10 12
