2.000000
1 2 3 4 5 7 8 10 11 18
6 9 12 13 14 15 16 17 19 20
1 2 3 4 5 8 9 10 11 18
6 7 12 13 14 15 16 17 19 20
1 2 3 4 5 8 10 11 13 18
6 7 9 12 14 15 16 17 19 20
1 2 3 4 5 8 10 11 14 18
6 7 9 12 13 15 16 17 19 20
1 2 3 4 7 8 9 10 11 13
5 6 12 14 15 16 17 18 19 20
1 2 3 4 7 8 9 10 11 14
5 6 12 13 15 16 17 18 19 20
1 2 3 4 7 8 10 11 12 16
5 6 9 13 14 15 17 18 19 20
1 2 3 4 7 8 10 11 13 14
5 6 9 12 15 16 17 18 19 20
1 2 3 4 8 9 10 11 12 16
5 6 7 13 14 15 17 18 19 20
1 2 3 4 8 9 10 11 13 14
5 6 7 12 15 16 17 18 19 20
1 2 3 4 8 10 11 12 13 16
5 6 7 9 14 15 17 18 19 20
1 2 3 4 8 10 11 12 14 16
5 6 7 9 13 15 17 18 19 20
1 2 3 5 7 8 9 10 11 18
4 6 12 13 14 15 16 17 19 20
1 2 3 5 7 8 10 11 13 18
4 6 9 12 14 15 16 17 19 20
1 2 3 5 7 8 10 11 14 18
4 6 9 12 13 15 16 17 19 20
1 2 3 5 8 9 10 11 13 18
4 6 7 12 14 15 16 17 19 20
1 2 3 5 8 9 10 11 14 18
4 6 7 12 13 15 16 17 19 20
1 2 3 5 8 10 11 12 16 18
4 6 7 9 13 14 15 17 19 20
1 2 3 5 8 10 11 13 14 18
4 6 7 9 12 15 16 17 19 20
1 2 3 7 8 9 10 11 12 16
4 5 6 13 14 15 17 18 19 20
1 2 3 7 8 9 10 11 13 14
4 5 6 12 15 16 17 18 19 20
1 2 3 7 8 10 11 12 13 16
4 5 6 9 14 15 17 18 19 20
1 2 3 7 8 10 11 12 14 16
4 5 6 9 13 15 17 18 19 20
1 2 3 8 9 10 11 12 13 16
4 5 6 7 14 15 17 18 19 20
1 2 3 8 9 10 11 12 14 16
4 5 6 7 13 15 17 18 19 20
1 2 3 8 10 11 12 13 14 16
4 5 6 7 9 15 17 18 19 20
1 2 4 5 6 15 17 18 19 20
3 7 8 9 10 11 12 13 14 16
1 2 4 5 7 9 12 13 16 18
3 6 8 10 11 14 15 17 19 20
1 2 4 5 7 9 12 14 16 18
3 6 8 10 11 13 15 17 19 20
1 2 4 5 7 12 13 14 16 18
3 6 8 9 10 11 15 17 19 20
1 2 4 5 9 12 13 14 16 18
3 6 7 8 10 11 15 17 19 20
1 2 4 6 7 9 15 17 19 20
3 5 8 10 11 12 13 14 16 18
1 2 4 6 7 13 15 17 19 20
3 5 8 9 10 11 12 14 16 18
1 2 4 6 7 14 15 17 19 20
3 5 8 9 10 11 12 13 16 18
1 2 4 6 9 13 15 17 19 20
3 5 7 8 10 11 12 14 16 18
1 2 4 6 9 14 15 17 19 20
3 5 7 8 10 11 12 13 16 18
1 2 4 6 12 15 16 17 19 20
3 5 7 8 9 10 11 13 14 18
1 2 4 6 13 14 15 17 19 20
3 5 7 8 9 10 11 12 16 18
1 2 5 6 7 15 17 18 19 20
3 4 8 9 10 11 12 13 14 16
1 2 5 6 9 15 17 18 19 20
3 4 7 8 10 11 12 13 14 16
1 2 5 6 13 15 17 18 19 20
3 4 7 8 9 10 11 12 14 16
1 2 5 6 14 15 17 18 19 20
3 4 7 8 9 10 11 12 13 16
1 2 5 7 9 12 13 14 16 18
3 4 6 8 10 11 15 17 19 20
1 2 6 7 9 13 15 17 19 20
3 4 5 8 10 11 12 14 16 18
1 2 6 7 9 14 15 17 19 20
3 4 5 8 10 11 12 13 16 18
1 2 6 7 12 15 16 17 19 20
3 4 5 8 9 10 11 13 14 18
1 2 6 7 13 14 15 17 19 20
3 4 5 8 9 10 11 12 16 18
1 2 6 9 12 15 16 17 19 20
3 4 5 7 8 10 11 13 14 18
1 2 6 9 13 14 15 17 19 20
3 4 5 7 8 10 11 12 16 18
1 2 6 12 13 15 16 17 19 20
3 4 5 7 8 9 10 11 14 18
1 2 6 12 14 15 16 17 19 20
3 4 5 7 8 9 10 11 13 18
1 3 4 5 7 8 9 10 11 18
2 6 12 13 14 15 16 17 19 20
1 3 4 5 7 8 10 11 13 18
2 6 9 12 14 15 16 17 19 20
1 3 4 5 7 8 10 11 14 18
2 6 9 12 13 15 16 17 19 20
1 3 4 5 8 9 10 11 13 18
2 6 7 12 14 15 16 17 19 20
1 3 4 5 8 9 10 11 14 18
2 6 7 12 13 15 16 17 19 20
1 3 4 5 8 10 11 12 16 18
2 6 7 9 13 14 15 17 19 20
1 3 4 5 8 10 11 13 14 18
2 6 7 9 12 15 16 17 19 20
1 3 4 7 8 9 10 11 12 16
2 5 6 13 14 15 17 18 19 20
1 3 4 7 8 9 10 11 13 14
2 5 6 12 15 16 17 18 19 20
1 3 4 7 8 10 11 12 13 16
2 5 6 9 14 15 17 18 19 20
1 3 4 7 8 10 11 12 14 16
2 5 6 9 13 15 17 18 19 20
1 3 4 8 9 10 11 12 13 16
2 5 6 7 14 15 17 18 19 20
1 3 4 8 9 10 11 12 14 16
2 5 6 7 13 15 17 18 19 20
1 3 4 8 10 11 12 13 14 16
2 5 6 7 9 15 17 18 19 20
1 3 5 7 8 9 10 11 13 18
2 4 6 12 14 15 16 17 19 20
1 3 5 7 8 9 10 11 14 18
2 4 6 12 13 15 16 17 19 20
1 3 5 7 8 10 11 12 16 18
2 4 6 9 13 14 15 17 19 20
1 3 5 7 8 10 11 13 14 18
2 4 6 9 12 15 16 17 19 20
1 3 5 8 9 10 11 12 16 18
2 4 6 7 13 14 15 17 19 20
1 3 5 8 9 10 11 13 14 18
2 4 6 7 12 15 16 17 19 20
1 3 5 8 10 11 12 13 16 18
2 4 6 7 9 14 15 17 19 20
1 3 5 8 10 11 12 14 16 18
2 4 6 7 9 13 15 17 19 20
1 3 6 8 10 11 15 17 19 20
2 4 5 7 9 12 13 14 16 18
1 3 7 8 9 10 11 12 13 16
2 4 5 6 14 15 17 18 19 20
1 3 7 8 9 10 11 12 14 16
2 4 5 6 13 15 17 18 19 20
1 3 7 8 10 11 12 13 14 16
2 4 5 6 9 15 17 18 19 20
1 3 8 9 10 11 12 13 14 16
2 4 5 6 7 15 17 18 19 20
1 4 5 6 7 15 17 18 19 20
2 3 8 9 10 11 12 13 14 16
1 4 5 6 9 15 17 18 19 20
2 3 7 8 10 11 12 13 14 16
1 4 5 6 13 15 17 18 19 20
2 3 7 8 9 10 11 12 14 16
1 4 5 6 14 15 17 18 19 20
2 3 7 8 9 10 11 12 13 16
1 4 5 7 9 12 13 14 16 18
2 3 6 8 10 11 15 17 19 20
1 4 6 7 9 13 15 17 19 20
2 3 5 8 10 11 12 14 16 18
1 4 6 7 9 14 15 17 19 20
2 3 5 8 10 11 12 13 16 18
1 4 6 7 12 15 16 17 19 20
2 3 5 8 9 10 11 13 14 18
1 4 6 7 13 14 15 17 19 20
2 3 5 8 9 10 11 12 16 18
1 4 6 9 12 15 16 17 19 20
2 3 5 7 8 10 11 13 14 18
1 4 6 9 13 14 15 17 19 20
2 3 5 7 8 10 11 12 16 18
1 4 6 12 13 15 16 17 19 20
2 3 5 7 8 9 10 11 14 18
1 4 6 12 14 15 16 17 19 20
2 3 5 7 8 9 10 11 13 18
1 5 6 7 9 15 17 18 19 20
2 3 4 8 10 11 12 13 14 16
1 5 6 7 13 15 17 18 19 20
2 3 4 8 9 10 11 12 14 16
1 5 6 7 14 15 17 18 19 20
2 3 4 8 9 10 11 12 13 16
1 5 6 9 13 15 17 18 19 20
2 3 4 7 8 10 11 12 14 16
1 5 6 9 14 15 17 18 19 20
2 3 4 7 8 10 11 12 13 16
1 5 6 12 15 16 17 18 19 20
2 3 4 7 8 9 10 11 13 14
1 5 6 13 14 15 17 18 19 20
2 3 4 7 8 9 10 11 12 16
1 6 7 9 12 15 16 17 19 20
2 3 4 5 8 10 11 13 14 18
1 6 7 9 13 14 15 17 19 20
2 3 4 5 8 10 11 12 16 18
1 6 7 12 13 15 16 17 19 20
2 3 4 5 8 9 10 11 14 18
1 6 7 12 14 15 16 17 19 20
2 3 4 5 8 9 10 11 13 18
1 6 9 12 13 15 16 17 19 20
2 3 4 5 7 8 10 11 14 18
1 6 9 12 14 15 16 17 19 20
2 3 4 5 7 8 10 11 13 18
1 6 12 13 14 15 16 17 19 20
2 3 4 5 7 8 9 10 11 18
