2.000000
1 2 4 5 6 8 13 14 15
3 7 9 10 11 12 16 17 18
1 2 4 5 6 8 13 14 16
3 7 9 10 11 12 15 17 18
1 2 4 5 6 8 13 14 17
3 7 9 10 11 12 15 16 18
1 2 4 5 6 8 13 15 16
3 7 9 10 11 12 14 17 18
1 2 4 5 6 8 13 15 17
3 7 9 10 11 12 14 16 18
1 2 4 5 6 8 13 16 17
3 7 9 10 11 12 14 15 18
1 2 4 5 6 8 14 15 16
3 7 9 10 11 12 13 17 18
1 2 4 5 6 8 14 15 17
3 7 9 10 11 12 13 16 18
1 2 4 5 6 8 14 16 17
3 7 9 10 11 12 13 15 18
1 2 4 5 6 8 15 16 17
3 7 9 10 11 12 13 14 18
1 2 4 5 6 13 14 15 16
3 7 8 9 10 11 12 17 18
1 2 4 5 6 13 14 15 17
3 7 8 9 10 11 12 16 18
1 2 4 5 6 13 14 16 17
3 7 8 9 10 11 12 15 18
1 2 4 5 6 13 15 16 17
3 7 8 9 10 11 12 14 18
1 2 4 5 6 14 15 16 17
3 7 8 9 10 11 12 13 18
1 2 4 5 8 13 14 15 16
3 6 7 9 10 11 12 17 18
1 2 4 5 8 13 14 15 17
3 6 7 9 10 11 12 16 18
1 2 4 5 8 13 14 16 17
3 6 7 9 10 11 12 15 18
1 2 4 5 8 13 15 16 17
3 6 7 9 10 11 12 14 18
1 2 4 5 8 14 15 16 17
3 6 7 9 10 11 12 13 18
1 2 4 5 13 14 15 16 17
3 6 7 8 9 10 11 12 18
1 2 5 6 8 13 14 15 16
3 4 7 9 10 11 12 17 18
1 2 5 6 8 13 14 15 17
3 4 7 9 10 11 12 16 18
1 2 5 6 8 13 14 16 17
3 4 7 9 10 11 12 15 18
1 2 5 6 8 13 15 16 17
3 4 7 9 10 11 12 14 18
1 2 5 6 8 14 15 16 17
3 4 7 9 10 11 12 13 18
1 2 5 6 13 14 15 16 17
3 4 7 8 9 10 11 12 18
1 2 5 8 13 14 15 16 17
3 4 6 7 9 10 11 12 18
1 3 4 7 9 10 11 12 18
2 5 6 8 13 14 15 16 17
1 3 6 7 9 10 11 12 18
2 4 5 8 13 14 15 16 17
1 3 7 8 9 10 11 12 18
2 4 5 6 13 14 15 16 17
1 3 7 9 10 11 12 13 18
2 4 5 6 8 14 15 16 17
1 3 7 9 10 11 12 14 18
2 4 5 6 8 13 15 16 17
1 3 7 9 10 11 12 15 18
2 4 5 6 8 13 14 16 17
1 3 7 9 10 11 12 16 18
2 4 5 6 8 13 14 15 17
1 3 7 9 10 11 12 17 18
2 4 5 6 8 13 14 15 16
1 4 6 8 13 14 15 16 17
2 3 5 7 9 10 11 12 18
