2.236068
1 2 4 5 6 8 11 14 17 20 21
3 7 9 10 12 13 15 16 18 19 22
1 2 4 5 6 8 14 15 17 20 21
3 7 9 10 11 12 13 16 18 19 22
1 2 4 5 8 11 14 15 17 20 21
3 6 7 9 10 12 13 16 18 19 22
1 2 4 8 12 14 17 18 19 20 22
3 5 6 7 9 10 11 13 15 16 21
1 3 4 5 7 9 10 13 14 16 21
2 6 8 11 12 15 17 18 19 20 22
1 3 4 6 7 9 10 11 13 14 16
2 5 8 12 15 17 18 19 20 21 22
1 3 4 6 7 9 10 13 14 15 16
2 5 8 11 12 17 18 19 20 21 22
1 3 4 7 9 10 11 13 14 15 16
2 5 6 8 12 17 18 19 20 21 22
1 4 5 6 11 12 14 18 19 21 22
2 3 7 8 9 10 13 15 16 17 20
1 4 5 6 12 14 15 18 19 21 22
2 3 7 8 9 10 11 13 16 17 20
1 4 5 11 12 14 15 18 19 21 22
2 3 6 7 8 9 10 13 16 17 20
