2.000000
1 2 3 4 5 7 9 13 15 17 21
6 8 10 11 12 14 16 18 19 20 22
1 2 3 4 5 7 13 15 17 20 21
6 8 9 10 11 12 14 16 18 19 22
1 2 4 7 8 9 13 15 17 21 22
3 5 6 10 11 12 14 16 18 19 20
1 2 4 7 8 13 15 17 20 21 22
3 5 6 9 10 11 12 14 16 18 19
1 2 4 7 10 11 12 13 15 17 21
3 5 6 8 9 14 16 18 19 20 22
1 3 5 6 9 14 16 17 18 19 21
2 4 7 8 10 11 12 13 15 20 22
1 3 5 6 14 16 17 18 19 20 21
2 4 7 8 9 10 11 12 13 15 22
1 3 5 8 9 10 11 12 17 21 22
2 4 6 7 13 14 15 16 18 19 20
1 3 5 8 10 11 12 17 20 21 22
2 4 6 7 9 13 14 15 16 18 19
1 6 8 9 14 16 17 18 19 21 22
2 3 4 5 7 10 11 12 13 15 20
1 6 8 14 16 17 18 19 20 21 22
2 3 4 5 7 9 10 11 12 13 15
1 6 10 11 12 14 16 17 18 19 21
2 3 4 5 7 8 9 13 15 20 22
