1.414214
1 2 3 4 5 7
6 8 9 10 11 12
1 2 3 4 6 7
5 8 9 10 11 12
1 2 3 4 7 8
5 6 9 10 11 12
1 2 3 4 7 9
5 6 8 10 11 12
1 2 3 4 7 10
5 6 8 9 11 12
1 2 3 4 7 11
5 6 8 9 10 12
1 2 3 4 7 12
5 6 8 9 10 11
1 3 4 5 6 7
2 8 9 10 11 12
1 3 4 5 7 8
2 6 9 10 11 12
1 3 4 5 7 9
2 6 8 10 11 12
1 3 4 5 7 10
2 6 8 9 11 12
1 3 4 5 7 11
2 6 8 9 10 12
1 3 4 5 7 12
2 6 8 9 10 11
1 3 4 6 7 8
2 5 9 10 11 12
1 3 4 6 7 9
2 5 8 10 11 12
1 3 4 6 7 10
2 5 8 9 11 12
1 3 4 6 7 11
2 5 8 9 10 12
1 3 4 6 7 12
2 5 8 9 10 11
1 3 4 7 8 9
2 5 6 10 11 12
1 3 4 7 8 10
2 5 6 9 11 12
1 3 4 7 8 11
2 5 6 9 10 12
1 3 4 7 8 12
2 5 6 9 10 11
1 3 4 7 9 10
2 5 6 8 11 12
1 3 4 7 9 11
2 5 6 8 10 12
1 3 4 7 9 12
2 5 6 8 10 11
1 3 4 7 10 11
2 5 6 8 9 12
1 3 4 7 10 12
2 5 6 8 9 11
1 3 4 7 11 12
2 5 6 8 9 10
