2.236068
1 2 3 6 7 8 9 14 18
4 5 10 11 12 13 15 16 17
1 2 3 6 8 9 13 14 18
4 5 7 10 11 12 15 16 17
1 2 3 6 8 9 14 16 18
4 5 7 10 11 12 13 15 17
1 2 3 6 8 9 14 17 18
4 5 7 10 11 12 13 15 16
1 3 4 5 6 7 9 13 18
2 8 10 11 12 14 15 16 17
1 3 4 5 6 7 9 16 18
2 8 10 11 12 13 14 15 17
1 3 4 5 6 7 9 17 18
2 8 10 11 12 13 14 15 16
1 3 4 5 6 9 13 16 18
2 7 8 10 11 12 14 15 17
1 3 4 5 6 9 13 17 18
2 7 8 10 11 12 14 15 16
1 3 4 5 6 9 16 17 18
2 7 8 10 11 12 13 14 15
1 3 6 7 9 13 16 17 18
2 4 5 8 10 11 12 14 15
1 3 6 9 10 11 12 15 18
2 4 5 7 8 13 14 16 17
