2.236068
1 2 3 4 5 7 8 11 16 17
6 9 10 12 13 14 15 18 19 20
1 2 3 4 5 7 9 11 16 17
6 8 10 12 13 14 15 18 19 20
1 2 3 4 5 7 11 16 17 20
6 8 9 10 12 13 14 15 18 19
1 2 3 4 5 8 9 11 16 17
6 7 10 12 13 14 15 18 19 20
1 2 3 4 5 8 11 16 17 20
6 7 9 10 12 13 14 15 18 19
1 2 3 4 5 9 11 16 17 20
6 7 8 10 12 13 14 15 18 19
1 2 3 4 5 11 12 15 16 17
6 7 8 9 10 13 14 18 19 20
1 2 4 5 6 10 11 13 16 17
3 7 8 9 12 14 15 18 19 20
1 2 4 5 7 8 9 11 16 17
3 6 10 12 13 14 15 18 19 20
1 2 4 5 7 8 11 16 17 20
3 6 9 10 12 13 14 15 18 19
1 2 4 5 7 9 11 16 17 20
3 6 8 10 12 13 14 15 18 19
1 2 4 5 7 11 12 15 16 17
3 6 8 9 10 13 14 18 19 20
1 2 4 5 8 9 11 16 17 20
3 6 7 10 12 13 14 15 18 19
1 2 4 5 8 11 12 15 16 17
3 6 7 9 10 13 14 18 19 20
1 2 4 5 9 11 12 15 16 17
3 6 7 8 10 13 14 18 19 20
1 2 4 5 11 12 15 16 17 20
3 6 7 8 9 10 13 14 18 19
1 2 4 5 11 14 16 17 18 19
3 6 7 8 9 10 12 13 15 20
1 3 4 5 6 10 11 13 16 17
2 7 8 9 12 14 15 18 19 20
1 3 4 5 7 8 9 11 16 17
2 6 10 12 13 14 15 18 19 20
1 3 4 5 7 8 11 16 17 20
2 6 9 10 12 13 14 15 18 19
1 3 4 5 7 9 11 16 17 20
2 6 8 10 12 13 14 15 18 19
1 3 4 5 7 11 12 15 16 17
2 6 8 9 10 13 14 18 19 20
1 3 4 5 8 9 11 16 17 20
2 6 7 10 12 13 14 15 18 19
1 3 4 5 8 11 12 15 16 17
2 6 7 9 10 13 14 18 19 20
1 3 4 5 9 11 12 15 16 17
2 6 7 8 10 13 14 18 19 20
1 3 4 5 11 12 15 16 17 20
2 6 7 8 9 10 13 14 18 19
1 3 4 5 11 14 16 17 18 19
2 6 7 8 9 10 12 13 15 20
1 4 5 6 7 10 11 13 16 17
2 3 8 9 12 14 15 18 19 20
1 4 5 6 8 10 11 13 16 17
2 3 7 9 12 14 15 18 19 20
1 4 5 6 9 10 11 13 16 17
2 3 7 8 12 14 15 18 19 20
1 4 5 6 10 11 13 16 17 20
2 3 7 8 9 12 14 15 18 19
1 4 5 7 8 9 11 16 17 20
2 3 6 10 12 13 14 15 18 19
1 4 5 7 8 11 12 15 16 17
2 3 6 9 10 13 14 18 19 20
1 4 5 7 9 11 12 15 16 17
2 3 6 8 10 13 14 18 19 20
1 4 5 7 11 12 15 16 17 20
2 3 6 8 9 10 13 14 18 19
1 4 5 7 11 14 16 17 18 19
2 3 6 8 9 10 12 13 15 20
1 4 5 8 9 11 12 15 16 17
2 3 6 7 10 13 14 18 19 20
1 4 5 8 11 12 15 16 17 20
2 3 6 7 9 10 13 14 18 19
1 4 5 8 11 14 16 17 18 19
2 3 6 7 9 10 12 13 15 20
1 4 5 9 11 12 15 16 17 20
2 3 6 7 8 10 13 14 18 19
1 4 5 9 11 14 16 17 18 19
2 3 6 7 8 10 12 13 15 20
1 4 5 11 14 16 17 18 19 20
2 3 6 7 8 9 10 12 13 15
