1.414214
1 2 3 4 5 6 7 11 12
8 9 10 13 14 15 16 17 18
1 2 3 4 5 6 7 11 13
8 9 10 12 14 15 16 17 18
1 2 3 4 5 6 7 11 14
8 9 10 12 13 15 16 17 18
1 2 3 4 5 6 7 11 16
8 9 10 12 13 14 15 17 18
1 2 3 4 5 6 7 11 18
8 9 10 12 13 14 15 16 17
1 2 3 4 5 6 7 12 13
8 9 10 11 14 15 16 17 18
1 2 3 4 5 6 7 12 14
8 9 10 11 13 15 16 17 18
1 2 3 4 5 6 7 12 16
8 9 10 11 13 14 15 17 18
1 2 3 4 5 6 7 12 18
8 9 10 11 13 14 15 16 17
1 2 3 4 5 6 7 13 14
8 9 10 11 12 15 16 17 18
1 2 3 4 5 6 7 13 16
8 9 10 11 12 14 15 17 18
1 2 3 4 5 6 7 13 18
8 9 10 11 12 14 15 16 17
1 2 3 4 5 6 7 14 16
8 9 10 11 12 13 15 17 18
1 2 3 4 5 6 7 14 18
8 9 10 11 12 13 15 16 17
1 2 3 4 5 6 7 16 18
8 9 10 11 12 13 14 15 17
1 2 3 4 5 6 11 12 13
7 8 9 10 14 15 16 17 18
1 2 3 4 5 6 11 12 14
7 8 9 10 13 15 16 17 18
1 2 3 4 5 6 11 12 16
7 8 9 10 13 14 15 17 18
1 2 3 4 5 6 11 12 18
7 8 9 10 13 14 15 16 17
1 2 3 4 5 6 11 13 14
7 8 9 10 12 15 16 17 18
1 2 3 4 5 6 11 13 16
7 8 9 10 12 14 15 17 18
1 2 3 4 5 6 11 13 18
7 8 9 10 12 14 15 16 17
1 2 3 4 5 6 11 14 16
7 8 9 10 12 13 15 17 18
1 2 3 4 5 6 11 14 18
7 8 9 10 12 13 15 16 17
1 2 3 4 5 6 11 16 18
7 8 9 10 12 13 14 15 17
1 2 3 4 5 6 12 13 14
7 8 9 10 11 15 16 17 18
1 2 3 4 5 6 12 13 16
7 8 9 10 11 14 15 17 18
1 2 3 4 5 6 12 13 18
7 8 9 10 11 14 15 16 17
1 2 3 4 5 6 12 14 16
7 8 9 10 11 13 15 17 18
1 2 3 4 5 6 12 14 18
7 8 9 10 11 13 15 16 17
1 2 3 4 5 6 12 16 18
7 8 9 10 11 13 14 15 17
1 2 3 4 5 6 13 14 16
7 8 9 10 11 12 15 17 18
1 2 3 4 5 6 13 14 18
7 8 9 10 11 12 15 16 17
1 2 3 4 5 6 13 16 18
7 8 9 10 11 12 14 15 17
1 2 3 4 5 6 14 16 18
7 8 9 10 11 12 13 15 17
1 2 3 4 5 7 11 12 13
6 8 9 10 14 15 16 17 18
1 2 3 4 5 7 11 12 14
6 8 9 10 13 15 16 17 18
1 2 3 4 5 7 11 12 16
6 8 9 10 13 14 15 17 18
1 2 3 4 5 7 11 12 18
6 8 9 10 13 14 15 16 17
1 2 3 4 5 7 11 13 14
6 8 9 10 12 15 16 17 18
1 2 3 4 5 7 11 13 16
6 8 9 10 12 14 15 17 18
1 2 3 4 5 7 11 13 18
6 8 9 10 12 14 15 16 17
1 2 3 4 5 7 11 14 16
6 8 9 10 12 13 15 17 18
1 2 3 4 5 7 11 14 18
6 8 9 10 12 13 15 16 17
1 2 3 4 5 7 11 16 18
6 8 9 10 12 13 14 15 17
1 2 3 4 5 7 12 13 14
6 8 9 10 11 15 16 17 18
1 2 3 4 5 7 12 13 16
6 8 9 10 11 14 15 17 18
1 2 3 4 5 7 12 13 18
6 8 9 10 11 14 15 16 17
1 2 3 4 5 7 12 14 16
6 8 9 10 11 13 15 17 18
1 2 3 4 5 7 12 14 18
6 8 9 10 11 13 15 16 17
1 2 3 4 5 7 12 16 18
6 8 9 10 11 13 14 15 17
1 2 3 4 5 7 13 14 16
6 8 9 10 11 12 15 17 18
1 2 3 4 5 7 13 14 18
6 8 9 10 11 12 15 16 17
1 2 3 4 5 7 13 16 18
6 8 9 10 11 12 14 15 17
1 2 3 4 5 7 14 16 18
6 8 9 10 11 12 13 15 17
1 2 3 4 5 11 12 13 14
6 7 8 9 10 15 16 17 18
1 2 3 4 5 11 12 13 16
6 7 8 9 10 14 15 17 18
1 2 3 4 5 11 12 13 18
6 7 8 9 10 14 15 16 17
1 2 3 4 5 11 12 14 16
6 7 8 9 10 13 15 17 18
1 2 3 4 5 11 12 14 18
6 7 8 9 10 13 15 16 17
1 2 3 4 5 11 12 16 18
6 7 8 9 10 13 14 15 17
1 2 3 4 5 11 13 14 16
6 7 8 9 10 12 15 17 18
1 2 3 4 5 11 13 14 18
6 7 8 9 10 12 15 16 17
1 2 3 4 5 11 13 16 18
6 7 8 9 10 12 14 15 17
1 2 3 4 5 11 14 16 18
6 7 8 9 10 12 13 15 17
1 2 3 4 5 12 13 14 16
6 7 8 9 10 11 15 17 18
1 2 3 4 5 12 13 14 18
6 7 8 9 10 11 15 16 17
1 2 3 4 5 12 13 16 18
6 7 8 9 10 11 14 15 17
1 2 3 4 5 12 14 16 18
6 7 8 9 10 11 13 15 17
1 2 3 4 5 13 14 16 18
6 7 8 9 10 11 12 15 17
1 2 3 4 6 7 11 12 13
5 8 9 10 14 15 16 17 18
1 2 3 4 6 7 11 12 14
5 8 9 10 13 15 16 17 18
1 2 3 4 6 7 11 12 16
5 8 9 10 13 14 15 17 18
1 2 3 4 6 7 11 12 18
5 8 9 10 13 14 15 16 17
1 2 3 4 6 7 11 13 14
5 8 9 10 12 15 16 17 18
1 2 3 4 6 7 11 13 16
5 8 9 10 12 14 15 17 18
1 2 3 4 6 7 11 13 18
5 8 9 10 12 14 15 16 17
1 2 3 4 6 7 11 14 16
5 8 9 10 12 13 15 17 18
1 2 3 4 6 7 11 14 18
5 8 9 10 12 13 15 16 17
1 2 3 4 6 7 11 16 18
5 8 9 10 12 13 14 15 17
1 2 3 4 6 7 12 13 14
5 8 9 10 11 15 16 17 18
1 2 3 4 6 7 12 13 16
5 8 9 10 11 14 15 17 18
1 2 3 4 6 7 12 13 18
5 8 9 10 11 14 15 16 17
1 2 3 4 6 7 12 14 16
5 8 9 10 11 13 15 17 18
1 2 3 4 6 7 12 14 18
5 8 9 10 11 13 15 16 17
1 2 3 4 6 7 12 16 18
5 8 9 10 11 13 14 15 17
1 2 3 4 6 7 13 14 16
5 8 9 10 11 12 15 17 18
1 2 3 4 6 7 13 14 18
5 8 9 10 11 12 15 16 17
1 2 3 4 6 7 13 16 18
5 8 9 10 11 12 14 15 17
1 2 3 4 6 7 14 16 18
5 8 9 10 11 12 13 15 17
1 2 3 4 6 11 12 13 14
5 7 8 9 10 15 16 17 18
1 2 3 4 6 11 12 13 16
5 7 8 9 10 14 15 17 18
1 2 3 4 6 11 12 13 18
5 7 8 9 10 14 15 16 17
1 2 3 4 6 11 12 14 16
5 7 8 9 10 13 15 17 18
1 2 3 4 6 11 12 14 18
5 7 8 9 10 13 15 16 17
1 2 3 4 6 11 12 16 18
5 7 8 9 10 13 14 15 17
1 2 3 4 6 11 13 14 16
5 7 8 9 10 12 15 17 18
1 2 3 4 6 11 13 14 18
5 7 8 9 10 12 15 16 17
1 2 3 4 6 11 13 16 18
5 7 8 9 10 12 14 15 17
1 2 3 4 6 11 14 16 18
5 7 8 9 10 12 13 15 17
1 2 3 4 6 12 13 14 16
5 7 8 9 10 11 15 17 18
1 2 3 4 6 12 13 14 18
5 7 8 9 10 11 15 16 17
1 2 3 4 6 12 13 16 18
5 7 8 9 10 11 14 15 17
1 2 3 4 6 12 14 16 18
5 7 8 9 10 11 13 15 17
1 2 3 4 6 13 14 16 18
5 7 8 9 10 11 12 15 17
1 2 3 4 7 11 12 13 14
5 6 8 9 10 15 16 17 18
1 2 3 4 7 11 12 13 16
5 6 8 9 10 14 15 17 18
1 2 3 4 7 11 12 13 18
5 6 8 9 10 14 15 16 17
1 2 3 4 7 11 12 14 16
5 6 8 9 10 13 15 17 18
1 2 3 4 7 11 12 14 18
5 6 8 9 10 13 15 16 17
1 2 3 4 7 11 12 16 18
5 6 8 9 10 13 14 15 17
1 2 3 4 7 11 13 14 16
5 6 8 9 10 12 15 17 18
1 2 3 4 7 11 13 14 18
5 6 8 9 10 12 15 16 17
1 2 3 4 7 11 13 16 18
5 6 8 9 10 12 14 15 17
1 2 3 4 7 11 14 16 18
5 6 8 9 10 12 13 15 17
1 2 3 4 7 12 13 14 16
5 6 8 9 10 11 15 17 18
1 2 3 4 7 12 13 14 18
5 6 8 9 10 11 15 16 17
1 2 3 4 7 12 13 16 18
5 6 8 9 10 11 14 15 17
1 2 3 4 7 12 14 16 18
5 6 8 9 10 11 13 15 17
1 2 3 4 7 13 14 16 18
5 6 8 9 10 11 12 15 17
1 2 3 4 8 9 10 15 17
5 6 7 11 12 13 14 16 18
1 2 3 4 11 12 13 14 16
5 6 7 8 9 10 15 17 18
1 2 3 4 11 12 13 14 18
5 6 7 8 9 10 15 16 17
1 2 3 4 11 12 13 16 18
5 6 7 8 9 10 14 15 17
1 2 3 4 11 12 14 16 18
5 6 7 8 9 10 13 15 17
1 2 3 4 11 13 14 16 18
5 6 7 8 9 10 12 15 17
1 2 3 4 12 13 14 16 18
5 6 7 8 9 10 11 15 17
1 2 3 5 6 7 11 12 13
4 8 9 10 14 15 16 17 18
1 2 3 5 6 7 11 12 14
4 8 9 10 13 15 16 17 18
1 2 3 5 6 7 11 12 16
4 8 9 10 13 14 15 17 18
1 2 3 5 6 7 11 12 18
4 8 9 10 13 14 15 16 17
1 2 3 5 6 7 11 13 14
4 8 9 10 12 15 16 17 18
1 2 3 5 6 7 11 13 16
4 8 9 10 12 14 15 17 18
1 2 3 5 6 7 11 13 18
4 8 9 10 12 14 15 16 17
1 2 3 5 6 7 11 14 16
4 8 9 10 12 13 15 17 18
1 2 3 5 6 7 11 14 18
4 8 9 10 12 13 15 16 17
1 2 3 5 6 7 11 16 18
4 8 9 10 12 13 14 15 17
1 2 3 5 6 7 12 13 14
4 8 9 10 11 15 16 17 18
1 2 3 5 6 7 12 13 16
4 8 9 10 11 14 15 17 18
1 2 3 5 6 7 12 13 18
4 8 9 10 11 14 15 16 17
1 2 3 5 6 7 12 14 16
4 8 9 10 11 13 15 17 18
1 2 3 5 6 7 12 14 18
4 8 9 10 11 13 15 16 17
1 2 3 5 6 7 12 16 18
4 8 9 10 11 13 14 15 17
1 2 3 5 6 7 13 14 16
4 8 9 10 11 12 15 17 18
1 2 3 5 6 7 13 14 18
4 8 9 10 11 12 15 16 17
1 2 3 5 6 7 13 16 18
4 8 9 10 11 12 14 15 17
1 2 3 5 6 7 14 16 18
4 8 9 10 11 12 13 15 17
1 2 3 5 6 11 12 13 14
4 7 8 9 10 15 16 17 18
1 2 3 5 6 11 12 13 16
4 7 8 9 10 14 15 17 18
1 2 3 5 6 11 12 13 18
4 7 8 9 10 14 15 16 17
1 2 3 5 6 11 12 14 16
4 7 8 9 10 13 15 17 18
1 2 3 5 6 11 12 14 18
4 7 8 9 10 13 15 16 17
1 2 3 5 6 11 12 16 18
4 7 8 9 10 13 14 15 17
1 2 3 5 6 11 13 14 16
4 7 8 9 10 12 15 17 18
1 2 3 5 6 11 13 14 18
4 7 8 9 10 12 15 16 17
1 2 3 5 6 11 13 16 18
4 7 8 9 10 12 14 15 17
1 2 3 5 6 11 14 16 18
4 7 8 9 10 12 13 15 17
1 2 3 5 6 12 13 14 16
4 7 8 9 10 11 15 17 18
1 2 3 5 6 12 13 14 18
4 7 8 9 10 11 15 16 17
1 2 3 5 6 12 13 16 18
4 7 8 9 10 11 14 15 17
1 2 3 5 6 12 14 16 18
4 7 8 9 10 11 13 15 17
1 2 3 5 6 13 14 16 18
4 7 8 9 10 11 12 15 17
1 2 3 5 7 11 12 13 14
4 6 8 9 10 15 16 17 18
1 2 3 5 7 11 12 13 16
4 6 8 9 10 14 15 17 18
1 2 3 5 7 11 12 13 18
4 6 8 9 10 14 15 16 17
1 2 3 5 7 11 12 14 16
4 6 8 9 10 13 15 17 18
1 2 3 5 7 11 12 14 18
4 6 8 9 10 13 15 16 17
1 2 3 5 7 11 12 16 18
4 6 8 9 10 13 14 15 17
1 2 3 5 7 11 13 14 16
4 6 8 9 10 12 15 17 18
1 2 3 5 7 11 13 14 18
4 6 8 9 10 12 15 16 17
1 2 3 5 7 11 13 16 18
4 6 8 9 10 12 14 15 17
1 2 3 5 7 11 14 16 18
4 6 8 9 10 12 13 15 17
1 2 3 5 7 12 13 14 16
4 6 8 9 10 11 15 17 18
1 2 3 5 7 12 13 14 18
4 6 8 9 10 11 15 16 17
1 2 3 5 7 12 13 16 18
4 6 8 9 10 11 14 15 17
1 2 3 5 7 12 14 16 18
4 6 8 9 10 11 13 15 17
1 2 3 5 7 13 14 16 18
4 6 8 9 10 11 12 15 17
1 2 3 5 8 9 10 15 17
4 6 7 11 12 13 14 16 18
1 2 3 5 11 12 13 14 16
4 6 7 8 9 10 15 17 18
1 2 3 5 11 12 13 14 18
4 6 7 8 9 10 15 16 17
1 2 3 5 11 12 13 16 18
4 6 7 8 9 10 14 15 17
1 2 3 5 11 12 14 16 18
4 6 7 8 9 10 13 15 17
1 2 3 5 11 13 14 16 18
4 6 7 8 9 10 12 15 17
1 2 3 5 12 13 14 16 18
4 6 7 8 9 10 11 15 17
1 2 3 6 7 11 12 13 14
4 5 8 9 10 15 16 17 18
1 2 3 6 7 11 12 13 16
4 5 8 9 10 14 15 17 18
1 2 3 6 7 11 12 13 18
4 5 8 9 10 14 15 16 17
1 2 3 6 7 11 12 14 16
4 5 8 9 10 13 15 17 18
1 2 3 6 7 11 12 14 18
4 5 8 9 10 13 15 16 17
1 2 3 6 7 11 12 16 18
4 5 8 9 10 13 14 15 17
1 2 3 6 7 11 13 14 16
4 5 8 9 10 12 15 17 18
1 2 3 6 7 11 13 14 18
4 5 8 9 10 12 15 16 17
1 2 3 6 7 11 13 16 18
4 5 8 9 10 12 14 15 17
1 2 3 6 7 11 14 16 18
4 5 8 9 10 12 13 15 17
1 2 3 6 7 12 13 14 16
4 5 8 9 10 11 15 17 18
1 2 3 6 7 12 13 14 18
4 5 8 9 10 11 15 16 17
1 2 3 6 7 12 13 16 18
4 5 8 9 10 11 14 15 17
1 2 3 6 7 12 14 16 18
4 5 8 9 10 11 13 15 17
1 2 3 6 7 13 14 16 18
4 5 8 9 10 11 12 15 17
1 2 3 6 8 9 10 15 17
4 5 7 11 12 13 14 16 18
1 2 3 6 11 12 13 14 16
4 5 7 8 9 10 15 17 18
1 2 3 6 11 12 13 14 18
4 5 7 8 9 10 15 16 17
1 2 3 6 11 12 13 16 18
4 5 7 8 9 10 14 15 17
1 2 3 6 11 12 14 16 18
4 5 7 8 9 10 13 15 17
1 2 3 6 11 13 14 16 18
4 5 7 8 9 10 12 15 17
1 2 3 6 12 13 14 16 18
4 5 7 8 9 10 11 15 17
1 2 3 7 8 9 10 15 17
4 5 6 11 12 13 14 16 18
1 2 3 7 11 12 13 14 16
4 5 6 8 9 10 15 17 18
1 2 3 7 11 12 13 14 18
4 5 6 8 9 10 15 16 17
1 2 3 7 11 12 13 16 18
4 5 6 8 9 10 14 15 17
1 2 3 7 11 12 14 16 18
4 5 6 8 9 10 13 15 17
1 2 3 7 11 13 14 16 18
4 5 6 8 9 10 12 15 17
1 2 3 7 12 13 14 16 18
4 5 6 8 9 10 11 15 17
1 2 3 8 9 10 11 15 17
4 5 6 7 12 13 14 16 18
1 2 3 8 9 10 12 15 17
4 5 6 7 11 13 14 16 18
1 2 3 8 9 10 13 15 17
4 5 6 7 11 12 14 16 18
1 2 3 8 9 10 14 15 17
4 5 6 7 11 12 13 16 18
1 2 3 8 9 10 15 16 17
4 5 6 7 11 12 13 14 18
1 2 3 8 9 10 15 17 18
4 5 6 7 11 12 13 14 16
1 2 3 11 12 13 14 16 18
4 5 6 7 8 9 10 15 17
1 2 4 5 6 7 11 12 13
3 8 9 10 14 15 16 17 18
1 2 4 5 6 7 11 12 14
3 8 9 10 13 15 16 17 18
1 2 4 5 6 7 11 12 16
3 8 9 10 13 14 15 17 18
1 2 4 5 6 7 11 12 18
3 8 9 10 13 14 15 16 17
1 2 4 5 6 7 11 13 14
3 8 9 10 12 15 16 17 18
1 2 4 5 6 7 11 13 16
3 8 9 10 12 14 15 17 18
1 2 4 5 6 7 11 13 18
3 8 9 10 12 14 15 16 17
1 2 4 5 6 7 11 14 16
3 8 9 10 12 13 15 17 18
1 2 4 5 6 7 11 14 18
3 8 9 10 12 13 15 16 17
1 2 4 5 6 7 11 16 18
3 8 9 10 12 13 14 15 17
1 2 4 5 6 7 12 13 14
3 8 9 10 11 15 16 17 18
1 2 4 5 6 7 12 13 16
3 8 9 10 11 14 15 17 18
1 2 4 5 6 7 12 13 18
3 8 9 10 11 14 15 16 17
1 2 4 5 6 7 12 14 16
3 8 9 10 11 13 15 17 18
1 2 4 5 6 7 12 14 18
3 8 9 10 11 13 15 16 17
1 2 4 5 6 7 12 16 18
3 8 9 10 11 13 14 15 17
1 2 4 5 6 7 13 14 16
3 8 9 10 11 12 15 17 18
1 2 4 5 6 7 13 14 18
3 8 9 10 11 12 15 16 17
1 2 4 5 6 7 13 16 18
3 8 9 10 11 12 14 15 17
1 2 4 5 6 7 14 16 18
3 8 9 10 11 12 13 15 17
1 2 4 5 6 11 12 13 14
3 7 8 9 10 15 16 17 18
1 2 4 5 6 11 12 13 16
3 7 8 9 10 14 15 17 18
1 2 4 5 6 11 12 13 18
3 7 8 9 10 14 15 16 17
1 2 4 5 6 11 12 14 16
3 7 8 9 10 13 15 17 18
1 2 4 5 6 11 12 14 18
3 7 8 9 10 13 15 16 17
1 2 4 5 6 11 12 16 18
3 7 8 9 10 13 14 15 17
1 2 4 5 6 11 13 14 16
3 7 8 9 10 12 15 17 18
1 2 4 5 6 11 13 14 18
3 7 8 9 10 12 15 16 17
1 2 4 5 6 11 13 16 18
3 7 8 9 10 12 14 15 17
1 2 4 5 6 11 14 16 18
3 7 8 9 10 12 13 15 17
1 2 4 5 6 12 13 14 16
3 7 8 9 10 11 15 17 18
1 2 4 5 6 12 13 14 18
3 7 8 9 10 11 15 16 17
1 2 4 5 6 12 13 16 18
3 7 8 9 10 11 14 15 17
1 2 4 5 6 12 14 16 18
3 7 8 9 10 11 13 15 17
1 2 4 5 6 13 14 16 18
3 7 8 9 10 11 12 15 17
1 2 4 5 7 11 12 13 14
3 6 8 9 10 15 16 17 18
1 2 4 5 7 11 12 13 16
3 6 8 9 10 14 15 17 18
1 2 4 5 7 11 12 13 18
3 6 8 9 10 14 15 16 17
1 2 4 5 7 11 12 14 16
3 6 8 9 10 13 15 17 18
1 2 4 5 7 11 12 14 18
3 6 8 9 10 13 15 16 17
1 2 4 5 7 11 12 16 18
3 6 8 9 10 13 14 15 17
1 2 4 5 7 11 13 14 16
3 6 8 9 10 12 15 17 18
1 2 4 5 7 11 13 14 18
3 6 8 9 10 12 15 16 17
1 2 4 5 7 11 13 16 18
3 6 8 9 10 12 14 15 17
1 2 4 5 7 11 14 16 18
3 6 8 9 10 12 13 15 17
1 2 4 5 7 12 13 14 16
3 6 8 9 10 11 15 17 18
1 2 4 5 7 12 13 14 18
3 6 8 9 10 11 15 16 17
1 2 4 5 7 12 13 16 18
3 6 8 9 10 11 14 15 17
1 2 4 5 7 12 14 16 18
3 6 8 9 10 11 13 15 17
1 2 4 5 7 13 14 16 18
3 6 8 9 10 11 12 15 17
1 2 4 5 8 9 10 15 17
3 6 7 11 12 13 14 16 18
1 2 4 5 11 12 13 14 16
3 6 7 8 9 10 15 17 18
1 2 4 5 11 12 13 14 18
3 6 7 8 9 10 15 16 17
1 2 4 5 11 12 13 16 18
3 6 7 8 9 10 14 15 17
1 2 4 5 11 12 14 16 18
3 6 7 8 9 10 13 15 17
1 2 4 5 11 13 14 16 18
3 6 7 8 9 10 12 15 17
1 2 4 5 12 13 14 16 18
3 6 7 8 9 10 11 15 17
1 2 4 6 7 11 12 13 14
3 5 8 9 10 15 16 17 18
1 2 4 6 7 11 12 13 16
3 5 8 9 10 14 15 17 18
1 2 4 6 7 11 12 13 18
3 5 8 9 10 14 15 16 17
1 2 4 6 7 11 12 14 16
3 5 8 9 10 13 15 17 18
1 2 4 6 7 11 12 14 18
3 5 8 9 10 13 15 16 17
1 2 4 6 7 11 12 16 18
3 5 8 9 10 13 14 15 17
1 2 4 6 7 11 13 14 16
3 5 8 9 10 12 15 17 18
1 2 4 6 7 11 13 14 18
3 5 8 9 10 12 15 16 17
1 2 4 6 7 11 13 16 18
3 5 8 9 10 12 14 15 17
1 2 4 6 7 11 14 16 18
3 5 8 9 10 12 13 15 17
1 2 4 6 7 12 13 14 16
3 5 8 9 10 11 15 17 18
1 2 4 6 7 12 13 14 18
3 5 8 9 10 11 15 16 17
1 2 4 6 7 12 13 16 18
3 5 8 9 10 11 14 15 17
1 2 4 6 7 12 14 16 18
3 5 8 9 10 11 13 15 17
1 2 4 6 7 13 14 16 18
3 5 8 9 10 11 12 15 17
1 2 4 6 8 9 10 15 17
3 5 7 11 12 13 14 16 18
1 2 4 6 11 12 13 14 16
3 5 7 8 9 10 15 17 18
1 2 4 6 11 12 13 14 18
3 5 7 8 9 10 15 16 17
1 2 4 6 11 12 13 16 18
3 5 7 8 9 10 14 15 17
1 2 4 6 11 12 14 16 18
3 5 7 8 9 10 13 15 17
1 2 4 6 11 13 14 16 18
3 5 7 8 9 10 12 15 17
1 2 4 6 12 13 14 16 18
3 5 7 8 9 10 11 15 17
1 2 4 7 8 9 10 15 17
3 5 6 11 12 13 14 16 18
1 2 4 7 11 12 13 14 16
3 5 6 8 9 10 15 17 18
1 2 4 7 11 12 13 14 18
3 5 6 8 9 10 15 16 17
1 2 4 7 11 12 13 16 18
3 5 6 8 9 10 14 15 17
1 2 4 7 11 12 14 16 18
3 5 6 8 9 10 13 15 17
1 2 4 7 11 13 14 16 18
3 5 6 8 9 10 12 15 17
1 2 4 7 12 13 14 16 18
3 5 6 8 9 10 11 15 17
1 2 4 8 9 10 11 15 17
3 5 6 7 12 13 14 16 18
1 2 4 8 9 10 12 15 17
3 5 6 7 11 13 14 16 18
1 2 4 8 9 10 13 15 17
3 5 6 7 11 12 14 16 18
1 2 4 8 9 10 14 15 17
3 5 6 7 11 12 13 16 18
1 2 4 8 9 10 15 16 17
3 5 6 7 11 12 13 14 18
1 2 4 8 9 10 15 17 18
3 5 6 7 11 12 13 14 16
1 2 4 11 12 13 14 16 18
3 5 6 7 8 9 10 15 17
1 2 5 6 7 11 12 13 14
3 4 8 9 10 15 16 17 18
1 2 5 6 7 11 12 13 16
3 4 8 9 10 14 15 17 18
1 2 5 6 7 11 12 13 18
3 4 8 9 10 14 15 16 17
1 2 5 6 7 11 12 14 16
3 4 8 9 10 13 15 17 18
1 2 5 6 7 11 12 14 18
3 4 8 9 10 13 15 16 17
1 2 5 6 7 11 12 16 18
3 4 8 9 10 13 14 15 17
1 2 5 6 7 11 13 14 16
3 4 8 9 10 12 15 17 18
1 2 5 6 7 11 13 14 18
3 4 8 9 10 12 15 16 17
1 2 5 6 7 11 13 16 18
3 4 8 9 10 12 14 15 17
1 2 5 6 7 11 14 16 18
3 4 8 9 10 12 13 15 17
1 2 5 6 7 12 13 14 16
3 4 8 9 10 11 15 17 18
1 2 5 6 7 12 13 14 18
3 4 8 9 10 11 15 16 17
1 2 5 6 7 12 13 16 18
3 4 8 9 10 11 14 15 17
1 2 5 6 7 12 14 16 18
3 4 8 9 10 11 13 15 17
1 2 5 6 7 13 14 16 18
3 4 8 9 10 11 12 15 17
1 2 5 6 8 9 10 15 17
3 4 7 11 12 13 14 16 18
1 2 5 6 11 12 13 14 16
3 4 7 8 9 10 15 17 18
1 2 5 6 11 12 13 14 18
3 4 7 8 9 10 15 16 17
1 2 5 6 11 12 13 16 18
3 4 7 8 9 10 14 15 17
1 2 5 6 11 12 14 16 18
3 4 7 8 9 10 13 15 17
1 2 5 6 11 13 14 16 18
3 4 7 8 9 10 12 15 17
1 2 5 6 12 13 14 16 18
3 4 7 8 9 10 11 15 17
1 2 5 7 8 9 10 15 17
3 4 6 11 12 13 14 16 18
1 2 5 7 11 12 13 14 16
3 4 6 8 9 10 15 17 18
1 2 5 7 11 12 13 14 18
3 4 6 8 9 10 15 16 17
1 2 5 7 11 12 13 16 18
3 4 6 8 9 10 14 15 17
1 2 5 7 11 12 14 16 18
3 4 6 8 9 10 13 15 17
1 2 5 7 11 13 14 16 18
3 4 6 8 9 10 12 15 17
1 2 5 7 12 13 14 16 18
3 4 6 8 9 10 11 15 17
1 2 5 8 9 10 11 15 17
3 4 6 7 12 13 14 16 18
1 2 5 8 9 10 12 15 17
3 4 6 7 11 13 14 16 18
1 2 5 8 9 10 13 15 17
3 4 6 7 11 12 14 16 18
1 2 5 8 9 10 14 15 17
3 4 6 7 11 12 13 16 18
1 2 5 8 9 10 15 16 17
3 4 6 7 11 12 13 14 18
1 2 5 8 9 10 15 17 18
3 4 6 7 11 12 13 14 16
1 2 5 11 12 13 14 16 18
3 4 6 7 8 9 10 15 17
1 2 6 7 8 9 10 15 17
3 4 5 11 12 13 14 16 18
1 2 6 7 11 12 13 14 16
3 4 5 8 9 10 15 17 18
1 2 6 7 11 12 13 14 18
3 4 5 8 9 10 15 16 17
1 2 6 7 11 12 13 16 18
3 4 5 8 9 10 14 15 17
1 2 6 7 11 12 14 16 18
3 4 5 8 9 10 13 15 17
1 2 6 7 11 13 14 16 18
3 4 5 8 9 10 12 15 17
1 2 6 7 12 13 14 16 18
3 4 5 8 9 10 11 15 17
1 2 6 8 9 10 11 15 17
3 4 5 7 12 13 14 16 18
1 2 6 8 9 10 12 15 17
3 4 5 7 11 13 14 16 18
1 2 6 8 9 10 13 15 17
3 4 5 7 11 12 14 16 18
1 2 6 8 9 10 14 15 17
3 4 5 7 11 12 13 16 18
1 2 6 8 9 10 15 16 17
3 4 5 7 11 12 13 14 18
1 2 6 8 9 10 15 17 18
3 4 5 7 11 12 13 14 16
1 2 6 11 12 13 14 16 18
3 4 5 7 8 9 10 15 17
1 2 7 8 9 10 11 15 17
3 4 5 6 12 13 14 16 18
1 2 7 8 9 10 12 15 17
3 4 5 6 11 13 14 16 18
1 2 7 8 9 10 13 15 17
3 4 5 6 11 12 14 16 18
1 2 7 8 9 10 14 15 17
3 4 5 6 11 12 13 16 18
1 2 7 8 9 10 15 16 17
3 4 5 6 11 12 13 14 18
1 2 7 8 9 10 15 17 18
3 4 5 6 11 12 13 14 16
1 2 7 11 12 13 14 16 18
3 4 5 6 8 9 10 15 17
1 2 8 9 10 11 12 15 17
3 4 5 6 7 13 14 16 18
1 2 8 9 10 11 13 15 17
3 4 5 6 7 12 14 16 18
1 2 8 9 10 11 14 15 17
3 4 5 6 7 12 13 16 18
1 2 8 9 10 11 15 16 17
3 4 5 6 7 12 13 14 18
1 2 8 9 10 11 15 17 18
3 4 5 6 7 12 13 14 16
1 2 8 9 10 12 13 15 17
3 4 5 6 7 11 14 16 18
1 2 8 9 10 12 14 15 17
3 4 5 6 7 11 13 16 18
1 2 8 9 10 12 15 16 17
3 4 5 6 7 11 13 14 18
1 2 8 9 10 12 15 17 18
3 4 5 6 7 11 13 14 16
1 2 8 9 10 13 14 15 17
3 4 5 6 7 11 12 16 18
1 2 8 9 10 13 15 16 17
3 4 5 6 7 11 12 14 18
1 2 8 9 10 13 15 17 18
3 4 5 6 7 11 12 14 16
1 2 8 9 10 14 15 16 17
3 4 5 6 7 11 12 13 18
1 2 8 9 10 14 15 17 18
3 4 5 6 7 11 12 13 16
1 2 8 9 10 15 16 17 18
3 4 5 6 7 11 12 13 14
1 3 4 5 6 7 11 12 13
2 8 9 10 14 15 16 17 18
1 3 4 5 6 7 11 12 14
2 8 9 10 13 15 16 17 18
1 3 4 5 6 7 11 12 16
2 8 9 10 13 14 15 17 18
1 3 4 5 6 7 11 12 18
2 8 9 10 13 14 15 16 17
1 3 4 5 6 7 11 13 14
2 8 9 10 12 15 16 17 18
1 3 4 5 6 7 11 13 16
2 8 9 10 12 14 15 17 18
1 3 4 5 6 7 11 13 18
2 8 9 10 12 14 15 16 17
1 3 4 5 6 7 11 14 16
2 8 9 10 12 13 15 17 18
1 3 4 5 6 7 11 14 18
2 8 9 10 12 13 15 16 17
1 3 4 5 6 7 11 16 18
2 8 9 10 12 13 14 15 17
1 3 4 5 6 7 12 13 14
2 8 9 10 11 15 16 17 18
1 3 4 5 6 7 12 13 16
2 8 9 10 11 14 15 17 18
1 3 4 5 6 7 12 13 18
2 8 9 10 11 14 15 16 17
1 3 4 5 6 7 12 14 16
2 8 9 10 11 13 15 17 18
1 3 4 5 6 7 12 14 18
2 8 9 10 11 13 15 16 17
1 3 4 5 6 7 12 16 18
2 8 9 10 11 13 14 15 17
1 3 4 5 6 7 13 14 16
2 8 9 10 11 12 15 17 18
1 3 4 5 6 7 13 14 18
2 8 9 10 11 12 15 16 17
1 3 4 5 6 7 13 16 18
2 8 9 10 11 12 14 15 17
1 3 4 5 6 7 14 16 18
2 8 9 10 11 12 13 15 17
1 3 4 5 6 11 12 13 14
2 7 8 9 10 15 16 17 18
1 3 4 5 6 11 12 13 16
2 7 8 9 10 14 15 17 18
1 3 4 5 6 11 12 13 18
2 7 8 9 10 14 15 16 17
1 3 4 5 6 11 12 14 16
2 7 8 9 10 13 15 17 18
1 3 4 5 6 11 12 14 18
2 7 8 9 10 13 15 16 17
1 3 4 5 6 11 12 16 18
2 7 8 9 10 13 14 15 17
1 3 4 5 6 11 13 14 16
2 7 8 9 10 12 15 17 18
1 3 4 5 6 11 13 14 18
2 7 8 9 10 12 15 16 17
1 3 4 5 6 11 13 16 18
2 7 8 9 10 12 14 15 17
1 3 4 5 6 11 14 16 18
2 7 8 9 10 12 13 15 17
1 3 4 5 6 12 13 14 16
2 7 8 9 10 11 15 17 18
1 3 4 5 6 12 13 14 18
2 7 8 9 10 11 15 16 17
1 3 4 5 6 12 13 16 18
2 7 8 9 10 11 14 15 17
1 3 4 5 6 12 14 16 18
2 7 8 9 10 11 13 15 17
1 3 4 5 6 13 14 16 18
2 7 8 9 10 11 12 15 17
1 3 4 5 7 11 12 13 14
2 6 8 9 10 15 16 17 18
1 3 4 5 7 11 12 13 16
2 6 8 9 10 14 15 17 18
1 3 4 5 7 11 12 13 18
2 6 8 9 10 14 15 16 17
1 3 4 5 7 11 12 14 16
2 6 8 9 10 13 15 17 18
1 3 4 5 7 11 12 14 18
2 6 8 9 10 13 15 16 17
1 3 4 5 7 11 12 16 18
2 6 8 9 10 13 14 15 17
1 3 4 5 7 11 13 14 16
2 6 8 9 10 12 15 17 18
1 3 4 5 7 11 13 14 18
2 6 8 9 10 12 15 16 17
1 3 4 5 7 11 13 16 18
2 6 8 9 10 12 14 15 17
1 3 4 5 7 11 14 16 18
2 6 8 9 10 12 13 15 17
1 3 4 5 7 12 13 14 16
2 6 8 9 10 11 15 17 18
1 3 4 5 7 12 13 14 18
2 6 8 9 10 11 15 16 17
1 3 4 5 7 12 13 16 18
2 6 8 9 10 11 14 15 17
1 3 4 5 7 12 14 16 18
2 6 8 9 10 11 13 15 17
1 3 4 5 7 13 14 16 18
2 6 8 9 10 11 12 15 17
1 3 4 5 8 9 10 15 17
2 6 7 11 12 13 14 16 18
1 3 4 5 11 12 13 14 16
2 6 7 8 9 10 15 17 18
1 3 4 5 11 12 13 14 18
2 6 7 8 9 10 15 16 17
1 3 4 5 11 12 13 16 18
2 6 7 8 9 10 14 15 17
1 3 4 5 11 12 14 16 18
2 6 7 8 9 10 13 15 17
1 3 4 5 11 13 14 16 18
2 6 7 8 9 10 12 15 17
1 3 4 5 12 13 14 16 18
2 6 7 8 9 10 11 15 17
1 3 4 6 7 11 12 13 14
2 5 8 9 10 15 16 17 18
1 3 4 6 7 11 12 13 16
2 5 8 9 10 14 15 17 18
1 3 4 6 7 11 12 13 18
2 5 8 9 10 14 15 16 17
1 3 4 6 7 11 12 14 16
2 5 8 9 10 13 15 17 18
1 3 4 6 7 11 12 14 18
2 5 8 9 10 13 15 16 17
1 3 4 6 7 11 12 16 18
2 5 8 9 10 13 14 15 17
1 3 4 6 7 11 13 14 16
2 5 8 9 10 12 15 17 18
1 3 4 6 7 11 13 14 18
2 5 8 9 10 12 15 16 17
1 3 4 6 7 11 13 16 18
2 5 8 9 10 12 14 15 17
1 3 4 6 7 11 14 16 18
2 5 8 9 10 12 13 15 17
1 3 4 6 7 12 13 14 16
2 5 8 9 10 11 15 17 18
1 3 4 6 7 12 13 14 18
2 5 8 9 10 11 15 16 17
1 3 4 6 7 12 13 16 18
2 5 8 9 10 11 14 15 17
1 3 4 6 7 12 14 16 18
2 5 8 9 10 11 13 15 17
1 3 4 6 7 13 14 16 18
2 5 8 9 10 11 12 15 17
1 3 4 6 8 9 10 15 17
2 5 7 11 12 13 14 16 18
1 3 4 6 11 12 13 14 16
2 5 7 8 9 10 15 17 18
1 3 4 6 11 12 13 14 18
2 5 7 8 9 10 15 16 17
1 3 4 6 11 12 13 16 18
2 5 7 8 9 10 14 15 17
1 3 4 6 11 12 14 16 18
2 5 7 8 9 10 13 15 17
1 3 4 6 11 13 14 16 18
2 5 7 8 9 10 12 15 17
1 3 4 6 12 13 14 16 18
2 5 7 8 9 10 11 15 17
1 3 4 7 8 9 10 15 17
2 5 6 11 12 13 14 16 18
1 3 4 7 11 12 13 14 16
2 5 6 8 9 10 15 17 18
1 3 4 7 11 12 13 14 18
2 5 6 8 9 10 15 16 17
1 3 4 7 11 12 13 16 18
2 5 6 8 9 10 14 15 17
1 3 4 7 11 12 14 16 18
2 5 6 8 9 10 13 15 17
1 3 4 7 11 13 14 16 18
2 5 6 8 9 10 12 15 17
1 3 4 7 12 13 14 16 18
2 5 6 8 9 10 11 15 17
1 3 4 8 9 10 11 15 17
2 5 6 7 12 13 14 16 18
1 3 4 8 9 10 12 15 17
2 5 6 7 11 13 14 16 18
1 3 4 8 9 10 13 15 17
2 5 6 7 11 12 14 16 18
1 3 4 8 9 10 14 15 17
2 5 6 7 11 12 13 16 18
1 3 4 8 9 10 15 16 17
2 5 6 7 11 12 13 14 18
1 3 4 8 9 10 15 17 18
2 5 6 7 11 12 13 14 16
1 3 4 11 12 13 14 16 18
2 5 6 7 8 9 10 15 17
1 3 5 6 7 11 12 13 14
2 4 8 9 10 15 16 17 18
1 3 5 6 7 11 12 13 16
2 4 8 9 10 14 15 17 18
1 3 5 6 7 11 12 13 18
2 4 8 9 10 14 15 16 17
1 3 5 6 7 11 12 14 16
2 4 8 9 10 13 15 17 18
1 3 5 6 7 11 12 14 18
2 4 8 9 10 13 15 16 17
1 3 5 6 7 11 12 16 18
2 4 8 9 10 13 14 15 17
1 3 5 6 7 11 13 14 16
2 4 8 9 10 12 15 17 18
1 3 5 6 7 11 13 14 18
2 4 8 9 10 12 15 16 17
1 3 5 6 7 11 13 16 18
2 4 8 9 10 12 14 15 17
1 3 5 6 7 11 14 16 18
2 4 8 9 10 12 13 15 17
1 3 5 6 7 12 13 14 16
2 4 8 9 10 11 15 17 18
1 3 5 6 7 12 13 14 18
2 4 8 9 10 11 15 16 17
1 3 5 6 7 12 13 16 18
2 4 8 9 10 11 14 15 17
1 3 5 6 7 12 14 16 18
2 4 8 9 10 11 13 15 17
1 3 5 6 7 13 14 16 18
2 4 8 9 10 11 12 15 17
1 3 5 6 8 9 10 15 17
2 4 7 11 12 13 14 16 18
1 3 5 6 11 12 13 14 16
2 4 7 8 9 10 15 17 18
1 3 5 6 11 12 13 14 18
2 4 7 8 9 10 15 16 17
1 3 5 6 11 12 13 16 18
2 4 7 8 9 10 14 15 17
1 3 5 6 11 12 14 16 18
2 4 7 8 9 10 13 15 17
1 3 5 6 11 13 14 16 18
2 4 7 8 9 10 12 15 17
1 3 5 6 12 13 14 16 18
2 4 7 8 9 10 11 15 17
1 3 5 7 8 9 10 15 17
2 4 6 11 12 13 14 16 18
1 3 5 7 11 12 13 14 16
2 4 6 8 9 10 15 17 18
1 3 5 7 11 12 13 14 18
2 4 6 8 9 10 15 16 17
1 3 5 7 11 12 13 16 18
2 4 6 8 9 10 14 15 17
1 3 5 7 11 12 14 16 18
2 4 6 8 9 10 13 15 17
1 3 5 7 11 13 14 16 18
2 4 6 8 9 10 12 15 17
1 3 5 7 12 13 14 16 18
2 4 6 8 9 10 11 15 17
1 3 5 8 9 10 11 15 17
2 4 6 7 12 13 14 16 18
1 3 5 8 9 10 12 15 17
2 4 6 7 11 13 14 16 18
1 3 5 8 9 10 13 15 17
2 4 6 7 11 12 14 16 18
1 3 5 8 9 10 14 15 17
2 4 6 7 11 12 13 16 18
1 3 5 8 9 10 15 16 17
2 4 6 7 11 12 13 14 18
1 3 5 8 9 10 15 17 18
2 4 6 7 11 12 13 14 16
1 3 5 11 12 13 14 16 18
2 4 6 7 8 9 10 15 17
1 3 6 7 8 9 10 15 17
2 4 5 11 12 13 14 16 18
1 3 6 7 11 12 13 14 16
2 4 5 8 9 10 15 17 18
1 3 6 7 11 12 13 14 18
2 4 5 8 9 10 15 16 17
1 3 6 7 11 12 13 16 18
2 4 5 8 9 10 14 15 17
1 3 6 7 11 12 14 16 18
2 4 5 8 9 10 13 15 17
1 3 6 7 11 13 14 16 18
2 4 5 8 9 10 12 15 17
1 3 6 7 12 13 14 16 18
2 4 5 8 9 10 11 15 17
1 3 6 8 9 10 11 15 17
2 4 5 7 12 13 14 16 18
1 3 6 8 9 10 12 15 17
2 4 5 7 11 13 14 16 18
1 3 6 8 9 10 13 15 17
2 4 5 7 11 12 14 16 18
1 3 6 8 9 10 14 15 17
2 4 5 7 11 12 13 16 18
1 3 6 8 9 10 15 16 17
2 4 5 7 11 12 13 14 18
1 3 6 8 9 10 15 17 18
2 4 5 7 11 12 13 14 16
1 3 6 11 12 13 14 16 18
2 4 5 7 8 9 10 15 17
1 3 7 8 9 10 11 15 17
2 4 5 6 12 13 14 16 18
1 3 7 8 9 10 12 15 17
2 4 5 6 11 13 14 16 18
1 3 7 8 9 10 13 15 17
2 4 5 6 11 12 14 16 18
1 3 7 8 9 10 14 15 17
2 4 5 6 11 12 13 16 18
1 3 7 8 9 10 15 16 17
2 4 5 6 11 12 13 14 18
1 3 7 8 9 10 15 17 18
2 4 5 6 11 12 13 14 16
1 3 7 11 12 13 14 16 18
2 4 5 6 8 9 10 15 17
1 3 8 9 10 11 12 15 17
2 4 5 6 7 13 14 16 18
1 3 8 9 10 11 13 15 17
2 4 5 6 7 12 14 16 18
1 3 8 9 10 11 14 15 17
2 4 5 6 7 12 13 16 18
1 3 8 9 10 11 15 16 17
2 4 5 6 7 12 13 14 18
1 3 8 9 10 11 15 17 18
2 4 5 6 7 12 13 14 16
1 3 8 9 10 12 13 15 17
2 4 5 6 7 11 14 16 18
1 3 8 9 10 12 14 15 17
2 4 5 6 7 11 13 16 18
1 3 8 9 10 12 15 16 17
2 4 5 6 7 11 13 14 18
1 3 8 9 10 12 15 17 18
2 4 5 6 7 11 13 14 16
1 3 8 9 10 13 14 15 17
2 4 5 6 7 11 12 16 18
1 3 8 9 10 13 15 16 17
2 4 5 6 7 11 12 14 18
1 3 8 9 10 13 15 17 18
2 4 5 6 7 11 12 14 16
1 3 8 9 10 14 15 16 17
2 4 5 6 7 11 12 13 18
1 3 8 9 10 14 15 17 18
2 4 5 6 7 11 12 13 16
1 3 8 9 10 15 16 17 18
2 4 5 6 7 11 12 13 14
1 4 5 6 7 11 12 13 14
2 3 8 9 10 15 16 17 18
1 4 5 6 7 11 12 13 16
2 3 8 9 10 14 15 17 18
1 4 5 6 7 11 12 13 18
2 3 8 9 10 14 15 16 17
1 4 5 6 7 11 12 14 16
2 3 8 9 10 13 15 17 18
1 4 5 6 7 11 12 14 18
2 3 8 9 10 13 15 16 17
1 4 5 6 7 11 12 16 18
2 3 8 9 10 13 14 15 17
1 4 5 6 7 11 13 14 16
2 3 8 9 10 12 15 17 18
1 4 5 6 7 11 13 14 18
2 3 8 9 10 12 15 16 17
1 4 5 6 7 11 13 16 18
2 3 8 9 10 12 14 15 17
1 4 5 6 7 11 14 16 18
2 3 8 9 10 12 13 15 17
1 4 5 6 7 12 13 14 16
2 3 8 9 10 11 15 17 18
1 4 5 6 7 12 13 14 18
2 3 8 9 10 11 15 16 17
1 4 5 6 7 12 13 16 18
2 3 8 9 10 11 14 15 17
1 4 5 6 7 12 14 16 18
2 3 8 9 10 11 13 15 17
1 4 5 6 7 13 14 16 18
2 3 8 9 10 11 12 15 17
1 4 5 6 8 9 10 15 17
2 3 7 11 12 13 14 16 18
1 4 5 6 11 12 13 14 16
2 3 7 8 9 10 15 17 18
1 4 5 6 11 12 13 14 18
2 3 7 8 9 10 15 16 17
1 4 5 6 11 12 13 16 18
2 3 7 8 9 10 14 15 17
1 4 5 6 11 12 14 16 18
2 3 7 8 9 10 13 15 17
1 4 5 6 11 13 14 16 18
2 3 7 8 9 10 12 15 17
1 4 5 6 12 13 14 16 18
2 3 7 8 9 10 11 15 17
1 4 5 7 8 9 10 15 17
2 3 6 11 12 13 14 16 18
1 4 5 7 11 12 13 14 16
2 3 6 8 9 10 15 17 18
1 4 5 7 11 12 13 14 18
2 3 6 8 9 10 15 16 17
1 4 5 7 11 12 13 16 18
2 3 6 8 9 10 14 15 17
1 4 5 7 11 12 14 16 18
2 3 6 8 9 10 13 15 17
1 4 5 7 11 13 14 16 18
2 3 6 8 9 10 12 15 17
1 4 5 7 12 13 14 16 18
2 3 6 8 9 10 11 15 17
1 4 5 8 9 10 11 15 17
2 3 6 7 12 13 14 16 18
1 4 5 8 9 10 12 15 17
2 3 6 7 11 13 14 16 18
1 4 5 8 9 10 13 15 17
2 3 6 7 11 12 14 16 18
1 4 5 8 9 10 14 15 17
2 3 6 7 11 12 13 16 18
1 4 5 8 9 10 15 16 17
2 3 6 7 11 12 13 14 18
1 4 5 8 9 10 15 17 18
2 3 6 7 11 12 13 14 16
1 4 5 11 12 13 14 16 18
2 3 6 7 8 9 10 15 17
1 4 6 7 8 9 10 15 17
2 3 5 11 12 13 14 16 18
1 4 6 7 11 12 13 14 16
2 3 5 8 9 10 15 17 18
1 4 6 7 11 12 13 14 18
2 3 5 8 9 10 15 16 17
1 4 6 7 11 12 13 16 18
2 3 5 8 9 10 14 15 17
1 4 6 7 11 12 14 16 18
2 3 5 8 9 10 13 15 17
1 4 6 7 11 13 14 16 18
2 3 5 8 9 10 12 15 17
1 4 6 7 12 13 14 16 18
2 3 5 8 9 10 11 15 17
1 4 6 8 9 10 11 15 17
2 3 5 7 12 13 14 16 18
1 4 6 8 9 10 12 15 17
2 3 5 7 11 13 14 16 18
1 4 6 8 9 10 13 15 17
2 3 5 7 11 12 14 16 18
1 4 6 8 9 10 14 15 17
2 3 5 7 11 12 13 16 18
1 4 6 8 9 10 15 16 17
2 3 5 7 11 12 13 14 18
1 4 6 8 9 10 15 17 18
2 3 5 7 11 12 13 14 16
1 4 6 11 12 13 14 16 18
2 3 5 7 8 9 10 15 17
1 4 7 8 9 10 11 15 17
2 3 5 6 12 13 14 16 18
1 4 7 8 9 10 12 15 17
2 3 5 6 11 13 14 16 18
1 4 7 8 9 10 13 15 17
2 3 5 6 11 12 14 16 18
1 4 7 8 9 10 14 15 17
2 3 5 6 11 12 13 16 18
1 4 7 8 9 10 15 16 17
2 3 5 6 11 12 13 14 18
1 4 7 8 9 10 15 17 18
2 3 5 6 11 12 13 14 16
1 4 7 11 12 13 14 16 18
2 3 5 6 8 9 10 15 17
1 4 8 9 10 11 12 15 17
2 3 5 6 7 13 14 16 18
1 4 8 9 10 11 13 15 17
2 3 5 6 7 12 14 16 18
1 4 8 9 10 11 14 15 17
2 3 5 6 7 12 13 16 18
1 4 8 9 10 11 15 16 17
2 3 5 6 7 12 13 14 18
1 4 8 9 10 11 15 17 18
2 3 5 6 7 12 13 14 16
1 4 8 9 10 12 13 15 17
2 3 5 6 7 11 14 16 18
1 4 8 9 10 12 14 15 17
2 3 5 6 7 11 13 16 18
1 4 8 9 10 12 15 16 17
2 3 5 6 7 11 13 14 18
1 4 8 9 10 12 15 17 18
2 3 5 6 7 11 13 14 16
1 4 8 9 10 13 14 15 17
2 3 5 6 7 11 12 16 18
1 4 8 9 10 13 15 16 17
2 3 5 6 7 11 12 14 18
1 4 8 9 10 13 15 17 18
2 3 5 6 7 11 12 14 16
1 4 8 9 10 14 15 16 17
2 3 5 6 7 11 12 13 18
1 4 8 9 10 14 15 17 18
2 3 5 6 7 11 12 13 16
1 4 8 9 10 15 16 17 18
2 3 5 6 7 11 12 13 14
1 5 6 7 8 9 10 15 17
2 3 4 11 12 13 14 16 18
1 5 6 7 11 12 13 14 16
2 3 4 8 9 10 15 17 18
1 5 6 7 11 12 13 14 18
2 3 4 8 9 10 15 16 17
1 5 6 7 11 12 13 16 18
2 3 4 8 9 10 14 15 17
1 5 6 7 11 12 14 16 18
2 3 4 8 9 10 13 15 17
1 5 6 7 11 13 14 16 18
2 3 4 8 9 10 12 15 17
1 5 6 7 12 13 14 16 18
2 3 4 8 9 10 11 15 17
1 5 6 8 9 10 11 15 17
2 3 4 7 12 13 14 16 18
1 5 6 8 9 10 12 15 17
2 3 4 7 11 13 14 16 18
1 5 6 8 9 10 13 15 17
2 3 4 7 11 12 14 16 18
1 5 6 8 9 10 14 15 17
2 3 4 7 11 12 13 16 18
1 5 6 8 9 10 15 16 17
2 3 4 7 11 12 13 14 18
1 5 6 8 9 10 15 17 18
2 3 4 7 11 12 13 14 16
1 5 6 11 12 13 14 16 18
2 3 4 7 8 9 10 15 17
1 5 7 8 9 10 11 15 17
2 3 4 6 12 13 14 16 18
1 5 7 8 9 10 12 15 17
2 3 4 6 11 13 14 16 18
1 5 7 8 9 10 13 15 17
2 3 4 6 11 12 14 16 18
1 5 7 8 9 10 14 15 17
2 3 4 6 11 12 13 16 18
1 5 7 8 9 10 15 16 17
2 3 4 6 11 12 13 14 18
1 5 7 8 9 10 15 17 18
2 3 4 6 11 12 13 14 16
1 5 7 11 12 13 14 16 18
2 3 4 6 8 9 10 15 17
1 5 8 9 10 11 12 15 17
2 3 4 6 7 13 14 16 18
1 5 8 9 10 11 13 15 17
2 3 4 6 7 12 14 16 18
1 5 8 9 10 11 14 15 17
2 3 4 6 7 12 13 16 18
1 5 8 9 10 11 15 16 17
2 3 4 6 7 12 13 14 18
1 5 8 9 10 11 15 17 18
2 3 4 6 7 12 13 14 16
1 5 8 9 10 12 13 15 17
2 3 4 6 7 11 14 16 18
1 5 8 9 10 12 14 15 17
2 3 4 6 7 11 13 16 18
1 5 8 9 10 12 15 16 17
2 3 4 6 7 11 13 14 18
1 5 8 9 10 12 15 17 18
2 3 4 6 7 11 13 14 16
1 5 8 9 10 13 14 15 17
2 3 4 6 7 11 12 16 18
1 5 8 9 10 13 15 16 17
2 3 4 6 7 11 12 14 18
1 5 8 9 10 13 15 17 18
2 3 4 6 7 11 12 14 16
1 5 8 9 10 14 15 16 17
2 3 4 6 7 11 12 13 18
1 5 8 9 10 14 15 17 18
2 3 4 6 7 11 12 13 16
1 5 8 9 10 15 16 17 18
2 3 4 6 7 11 12 13 14
1 6 7 8 9 10 11 15 17
2 3 4 5 12 13 14 16 18
1 6 7 8 9 10 12 15 17
2 3 4 5 11 13 14 16 18
1 6 7 8 9 10 13 15 17
2 3 4 5 11 12 14 16 18
1 6 7 8 9 10 14 15 17
2 3 4 5 11 12 13 16 18
1 6 7 8 9 10 15 16 17
2 3 4 5 11 12 13 14 18
1 6 7 8 9 10 15 17 18
2 3 4 5 11 12 13 14 16
1 6 7 11 12 13 14 16 18
2 3 4 5 8 9 10 15 17
1 6 8 9 10 11 12 15 17
2 3 4 5 7 13 14 16 18
1 6 8 9 10 11 13 15 17
2 3 4 5 7 12 14 16 18
1 6 8 9 10 11 14 15 17
2 3 4 5 7 12 13 16 18
1 6 8 9 10 11 15 16 17
2 3 4 5 7 12 13 14 18
1 6 8 9 10 11 15 17 18
2 3 4 5 7 12 13 14 16
1 6 8 9 10 12 13 15 17
2 3 4 5 7 11 14 16 18
1 6 8 9 10 12 14 15 17
2 3 4 5 7 11 13 16 18
1 6 8 9 10 12 15 16 17
2 3 4 5 7 11 13 14 18
1 6 8 9 10 12 15 17 18
2 3 4 5 7 11 13 14 16
1 6 8 9 10 13 14 15 17
2 3 4 5 7 11 12 16 18
1 6 8 9 10 13 15 16 17
2 3 4 5 7 11 12 14 18
1 6 8 9 10 13 15 17 18
2 3 4 5 7 11 12 14 16
1 6 8 9 10 14 15 16 17
2 3 4 5 7 11 12 13 18
1 6 8 9 10 14 15 17 18
2 3 4 5 7 11 12 13 16
1 6 8 9 10 15 16 17 18
2 3 4 5 7 11 12 13 14
1 7 8 9 10 11 12 15 17
2 3 4 5 6 13 14 16 18
1 7 8 9 10 11 13 15 17
2 3 4 5 6 12 14 16 18
1 7 8 9 10 11 14 15 17
2 3 4 5 6 12 13 16 18
1 7 8 9 10 11 15 16 17
2 3 4 5 6 12 13 14 18
1 7 8 9 10 11 15 17 18
2 3 4 5 6 12 13 14 16
1 7 8 9 10 12 13 15 17
2 3 4 5 6 11 14 16 18
1 7 8 9 10 12 14 15 17
2 3 4 5 6 11 13 16 18
1 7 8 9 10 12 15 16 17
2 3 4 5 6 11 13 14 18
1 7 8 9 10 12 15 17 18
2 3 4 5 6 11 13 14 16
1 7 8 9 10 13 14 15 17
2 3 4 5 6 11 12 16 18
1 7 8 9 10 13 15 16 17
2 3 4 5 6 11 12 14 18
1 7 8 9 10 13 15 17 18
2 3 4 5 6 11 12 14 16
1 7 8 9 10 14 15 16 17
2 3 4 5 6 11 12 13 18
1 7 8 9 10 14 15 17 18
2 3 4 5 6 11 12 13 16
1 7 8 9 10 15 16 17 18
2 3 4 5 6 11 12 13 14
1 8 9 10 11 12 13 15 17
2 3 4 5 6 7 14 16 18
1 8 9 10 11 12 14 15 17
2 3 4 5 6 7 13 16 18
1 8 9 10 11 12 15 16 17
2 3 4 5 6 7 13 14 18
1 8 9 10 11 12 15 17 18
2 3 4 5 6 7 13 14 16
1 8 9 10 11 13 14 15 17
2 3 4 5 6 7 12 16 18
1 8 9 10 11 13 15 16 17
2 3 4 5 6 7 12 14 18
1 8 9 10 11 13 15 17 18
2 3 4 5 6 7 12 14 16
1 8 9 10 11 14 15 16 17
2 3 4 5 6 7 12 13 18
1 8 9 10 11 14 15 17 18
2 3 4 5 6 7 12 13 16
1 8 9 10 11 15 16 17 18
2 3 4 5 6 7 12 13 14
1 8 9 10 12 13 14 15 17
2 3 4 5 6 7 11 16 18
1 8 9 10 12 13 15 16 17
2 3 4 5 6 7 11 14 18
1 8 9 10 12 13 15 17 18
2 3 4 5 6 7 11 14 16
1 8 9 10 12 14 15 16 17
2 3 4 5 6 7 11 13 18
1 8 9 10 12 14 15 17 18
2 3 4 5 6 7 11 13 16
1 8 9 10 12 15 16 17 18
2 3 4 5 6 7 11 13 14
1 8 9 10 13 14 15 16 17
2 3 4 5 6 7 11 12 18
1 8 9 10 13 14 15 17 18
2 3 4 5 6 7 11 12 16
1 8 9 10 13 15 16 17 18
2 3 4 5 6 7 11 12 14
1 8 9 10 14 15 16 17 18
2 3 4 5 6 7 11 12 13
